1053
3.188298375249555838e-01 5.074908891300859537e+00 1.503965400000000052e+01
3.161963647248590692e-01 5.075286439266453620e+00 1.803649700000000067e+01
3.188131802334810971e-01 4.954067760288655364e+00 1.504431100000000043e+01
3.131583028599874141e-01 5.075729035112755305e+00 1.941175300000000092e+01
3.161251001177522446e-01 4.954343871790315212e+00 1.801792000000000016e+01
3.188095955485250044e-01 4.833243006018790311e+00 1.489808700000000030e+01
3.096537754253935737e-01 5.076251488235621778e+00 2.025849200000000039e+01
3.130242194023082347e-01 4.954668900226107731e+00 1.937331999999999965e+01
3.160917796931342338e-01 4.833386926946588780e+00 1.788180499999999995e+01
3.187744000001411782e-01 4.712388039280259733e+00 1.486193199999999948e+01
3.056109946613315143e-01 5.076868051003526894e+00 2.084269000000000105e+01
3.094470040453414228e-01 4.955051174542934866e+00 2.020327899999999843e+01
3.129565433095304328e-01 4.833556666515013589e+00 1.924396300000000082e+01
3.160477000003955039e-01 4.712387398345016187e+00 1.779856699999999847e+01
3.188094707547026729e-01 4.591534275268847054e+00 1.478380300000000069e+01
3.009473682974377340e-01 5.077599748590530204e+00 2.124823200000000156e+01
3.053204404475338696e-01 4.955504214967445975e+00 2.077038999999999902e+01
3.093397804854357558e-01 4.833757479488087760e+00 2.007357400000000069e+01
3.129021800001438036e-01 4.712388021618599154e+00 1.913492400000000160e+01
3.160917450633314307e-01 4.591388789643896295e+00 1.769032299999999935e+01
3.188131063929016684e-01 4.470709174233047811e+00 1.454278900000000085e+01
2.955675821196905306e-01 5.078472738746193649e+00 2.152820600000000084e+01
3.005600301621984549e-01 4.956040588634523125e+00 2.115987799999999908e+01
3.051674059118471560e-01 4.833994020352174736e+00 2.063896599999999992e+01
3.092735100001454684e-01 4.712388010369508606e+00 1.994895700000000005e+01
3.129565088001436401e-01 4.591219027574267031e+00 1.900864199999999826e+01
3.161250451618513035e-01 4.470432416970116840e+00 1.746131700000000109e+01
3.188297756134805261e-01 4.349867989470538987e+00 1.441253200000000056e+01
2.893617828228192690e-01 5.079519765760456274e+00 2.171983300000000128e+01
2.950686631599412912e-01 4.956683137044240794e+00 2.142615699999999990e+01
3.003542447208069621e-01 4.834275652080505026e+00 2.102561000000000035e+01
3.050874200001474912e-01 4.712387997059975575e+00 2.050174700000000172e+01
3.093397219039682455e-01 4.591018829859264905e+00 1.980990800000000007e+01
3.130241166346292570e-01 4.470107992181381995e+00 1.879142399999999924e+01
3.161962039001897651e-01 4.349490990079850405e+00 1.727333300000000094e+01
3.188731490705481453e-01 4.229076742644799936e+00 1.419335200000000086e+01
2.407613975841478848e-01 5.089596401505775525e+00 2.199036999999999864e+01
2.822032155680221921e-01 5.080785797264136150e+00 2.184878300000000095e+01
2.887338264929658060e-01 4.957452827634464931e+00 2.160682299999999856e+01
2.948018250947066488e-01 4.834612591809881010e+00 2.128852699999999842e+01
3.002584000004162590e-01 4.712387315152342993e+00 2.087900700000000143e+01
3.051674235481285913e-01 4.590781306464320366e+00 2.035108900000000176e+01
3.094469305265574732e-01 4.469725728682694132e+00 1.959770400000000024e+01
3.131581421097054396e-01 4.349048388850773605e+00 1.857791299999999879e+01
3.163257653326628227e-01 4.228655743302566883e+00 1.702295700000000167e+01
3.188990538982768297e-01 4.108307836437957050e+00 1.395607900000000079e+01
2.534338003197790234e-01 5.086595544089220766e+00 2.199821100000000129e+01
2.391167177955412781e-01 4.964902174427787251e+00 2.184302100000000024e+01
2.261454195408805767e-01 5.093475027758075591e+00 2.195748899999999892e+01
2.739456934495245743e-01 5.082328723272837578e+00 2.193197400000000030e+01
2.814262805125356537e-01 4.958384905474204629e+00 2.172715799999999930e+01
2.883966006000354687e-01 4.835016877555926129e+00 2.146557400000000015e+01
2.946876000004241547e-01 4.712387283672645921e+00 2.113504199999999855e+01
3.003542702763348782e-01 4.590499971109943012e+00 2.071853799999999879e+01
3.053203721219664990e-01 4.469273015402448479e+00 2.014357800000000154e+01
3.096536072101471193e-01 4.348526265658819057e+00 1.937483800000000045e+01
3.133871013639171199e-01 4.228162095145953536e+00 1.832079699999999889e+01
3.164787013351109124e-01 4.107938552692351308e+00 1.675279199999999946e+01
3.190233041344715526e-01 3.987604464129400395e+00 1.359850999999999921e+01
2.644206334857769902e-01 5.084227647323289467e+00 2.197978600000000071e+01
2.520555421596645251e-01 4.962676276941966336e+00 2.185704000000000136e+01
2.382219562725957085e-01 4.838935653801853753e+00 2.167759900000000073e+01
2.241920896124947882e-01 4.967788068928237877e+00 2.180380099999999999e+01
2.092893303448890296e-01 5.098622887002697723e+00 2.189963200000000043e+01
2.729966185456925709e-01 4.959522667531411244e+00 2.180322800000000072e+01
2.810075400166694992e-01 4.835505730682962522e+00 2.158198200000000000e+01
2.882611500001561189e-01 4.712387939661720537e+00 2.130675300000000050e+01
2.948017967263090733e-01 4.590163648336499591e+00 2.096663500000000013e+01
3.005600052171148451e-01 4.468735637310064845e+00 2.051400200000000140e+01
3.056108264856138845e-01 4.347909699814932694e+00 1.991649400000000014e+01
3.099972065233344010e-01 4.227580728975626201e+00 1.911506999999999934e+01
3.136863495315613259e-01 4.107506411863813156e+00 1.803253000000000128e+01
3.167771867701333344e-01 3.987437817818942687e+00 1.635460700000000145e+01
3.190230651975002329e-01 3.866949839589258087e+00 1.298550700000000013e+01
2.632725392246728635e-01 4.960924784376291363e+00 2.184471699999999927e+01
2.513072408977753414e-01 4.837762111518118857e+00 2.169756500000000088e+01
2.379183800001891669e-01 4.712387719448060786e+00 2.149204999999999899e+01
2.231271692629987480e-01 4.840458329740676469e+00 2.163180699999999845e+01
2.069776413292691852e-01 4.971633504696271189e+00 2.173956700000000097e+01
1.898522506667392196e-01 5.105695827919277896e+00 2.181627500000000097e+01
2.724836143234371511e-01 4.836103298096915637e+00 2.165379700000000085e+01
2.808475800001601907e-01 4.712387912189621275e+00 2.141859200000000030e+01
2.883965426620090367e-01 4.589759311611760317e+00 2.113180699999999845e+01
2.950685368788446006e-01 4.468094018493477648e+00 2.076322000000000045e+01
3.009472435765990772e-01 4.347177342224388674e+00 2.028564799999999835e+01
3.060868320481168192e-01 4.226893470883243076e+00 1.965679899999999947e+01
3.104653142622980644e-01 4.106997699798138335e+00 1.882003600000000176e+01
3.141864477442813941e-01 3.987241285487797882e+00 1.763878400000000113e+01
3.167769863598535740e-01 3.867117529114721286e+00 1.598464000000000063e+01
3.188980617334840062e-01 3.746151027477403694e+00 1.315362099999999934e+01
2.626505323963871374e-01 4.836840709077927514e+00 2.169053600000000159e+01
2.510479100001792307e-01 4.712387785393661765e+00 2.151873600000000053e+01
2.382219219943036981e-01 4.585841442339788188e+00 2.128415700000000044e+01
2.227720900002020110e-01 4.712387633716891067e+00 2.143871299999999991e+01
2.057145951903666115e-01 4.842495192322056496e+00 2.156075500000000034e+01
1.871237164598662239e-01 4.976950250813038323e+00 2.165036600000000178e+01
1.674444375096753590e-01 5.115895294228185897e+00 2.170712100000000078e+01
2.722952700001652349e-01 4.712387878639514582e+00 2.148582299999999989e+01
2.810075121013429489e-01 4.589270424910879775e+00 2.123774699999999882e+01
2.887338022842936835e-01 4.467323327133490452e+00 2.092765999999999948e+01
2.955675930283467867e-01 4.346303424460609577e+00 2.053428800000000010e+01
3.015760961990423539e-01 4.226078155777097223e+00 2.002729599999999976e+01
3.067496744948265963e-01 4.106397296514259665e+00 1.936097900000000038e+01
3.111976714866773741e-01 3.987010718050346014e+00 1.844039899999999932e+01
3.141858912207421972e-01 3.867314028104707813e+00 1.732150700000000043e+01
3.164771964314174735e-01 3.746520749484687052e+00 1.592811599999999927e+01
3.188724016246700099e-01 3.625284875239302096e+00 1.312828299999999970e+01
2.624293000004762622e-01 4.712387075109630175e+00 2.151751499999999950e+01
2.513072563964003359e-01 4.587013450620388788e+00 2.131893000000000171e+01
1.898240104498752634e-01 3.971542132614237275e+00 1.907909199999999927e+01
2.003548249305290019e-01 4.079750703588839400e+00 1.968601800000000068e+01
2.129316099745974245e-01 4.203052172744413895e+00 2.024473800000000168e+01
2.261454104458013870e-01 4.331301487794609884e+00 2.069818100000000172e+01
2.391166959184626295e-01 4.459874467027190370e+00 2.105070100000000011e+01
2.231271736147188989e-01 4.584317374161794412e+00 2.122162099999999896e+01
2.052993200002191931e-01 4.712387519103668154e+00 2.135972399999999993e+01
1.856286961876681685e-01 4.845318352787578497e+00 2.146533399999999858e+01
1.642284175447185635e-01 4.984679457664360491e+00 2.153714400000000140e+01
2.724835867112566090e-01 4.588672800965916565e+00 2.129918500000000137e+01
2.814262567899216139e-01 4.466391202319541343e+00 2.103131300000000081e+01
2.893617662869544804e-01 4.345256321721705284e+00 2.069762599999999964e+01
2.963724647314762151e-01 4.225108452002222847e+00 2.027700799999999859e+01
3.024633651838763426e-01 4.105686820350654465e+00 1.973358500000000149e+01
3.077496069539243373e-01 3.986740094444361837e+00 1.899834399999999945e+01
3.111967728126948107e-01 3.867544842296095187e+00 1.812533600000000078e+01
3.136845809338081881e-01 3.746954226733133275e+00 1.717680400000000063e+01
3.163243185215287023e-01 3.625707004408371237e+00 1.576941700000000068e+01
3.188297444730405772e-01 3.504397889513941600e+00 1.293348399999999998e+01
2.626505349262779898e-01 4.587935334387989172e+00 2.132470500000000158e+01
2.520555400519816081e-01 4.462099634202348675e+00 2.109519999999999840e+01
2.407614329960520716e-01 4.335179383746880610e+00 2.078659100000000137e+01
2.292313219455325013e-01 4.208625833932838844e+00 2.038228600000000057e+01
2.182203022969549933e-01 4.086045173868825486e+00 1.986251800000000145e+01
2.089688090905588713e-01 3.975175424605531305e+00 1.923935300000000126e+01
1.898167341073597747e-01 3.883050108099139308e+00 1.848217999999999961e+01
1.727920294048091998e-01 3.927296998530320327e+00 1.880805000000000149e+01
1.797571010304971628e-01 4.070936014642743572e+00 1.953586999999999918e+01
1.941380607934836966e-01 4.195459389650396886e+00 2.009044600000000003e+01
2.092892945253839454e-01 4.326153972558150151e+00 2.058113300000000123e+01
2.241920783215553270e-01 4.456988495691871499e+00 2.097665999999999897e+01
2.057145715609540737e-01 4.582281772909695405e+00 2.113286799999999843e+01
1.851427099999999881e-01 4.712388980384689674e+00 2.125712000000000046e+01
1.624598364916082505e-01 4.849439687722929548e+00 2.134820900000000066e+01
2.729965220283014915e-01 4.465254448474910376e+00 2.108884199999999964e+01
2.822032277056015781e-01 4.343990280909514112e+00 2.079879400000000089e+01
2.903700945463050798e-01 4.223945629286716574e+00 2.044007699999999872e+01
2.975188873505876241e-01 4.104841516510484567e+00 1.998561300000000074e+01
3.037721030259633026e-01 3.986419883871302083e+00 1.938656999999999897e+01
3.077487487906626074e-01 3.867816141109012396e+00 1.868176700000000068e+01
3.104630105027849640e-01 3.747464104452970624e+00 1.794143299999999996e+01
3.133852027964798559e-01 3.626201950426535259e+00 1.696294400000000024e+01
3.161953217795463456e-01 3.504776121226277574e+00 1.548044200000000004e+01
3.188122325682912206e-01 3.383459689891879840e+00 1.243761100000000042e+01
2.632724967075370515e-01 4.463851959781800716e+00 2.110866899999999902e+01
2.534338341597072164e-01 4.338180349535369906e+00 2.084283100000000033e+01
2.433658000727965676e-01 4.212852835643133176e+00 2.048909199999999942e+01
2.337131819415645684e-01 4.090721845145666613e+00 2.002519600000000111e+01
2.255662431424957926e-01 3.977826499401747373e+00 1.944104000000000099e+01
2.089623459168328534e-01 3.879407098860232495e+00 1.860534099999999924e+01
1.797356915861123006e-01 3.783610984559113266e+00 1.765953100000000120e+01
1.610488444888880932e-01 3.830084934258148888e+00 1.825759100000000146e+01
1.610637654708232391e-01 4.024480847633387981e+00 1.932825100000000162e+01
1.724747506447831535e-01 4.184647627993326680e+00 1.994794299999999865e+01
1.898522257147018388e-01 4.319080937782251439e+00 2.044472700000000032e+01
2.069776505737421501e-01 4.453142968377684419e+00 2.087544799999999867e+01
1.856286466287736248e-01 4.579459572281967539e+00 2.102149000000000001e+01
1.389490154571539071e-01 4.864229406890491880e+00 2.124120100000000022e+01
1.618900300002779624e-01 4.712387127274896947e+00 2.113592699999999880e+01
2.739457705333929738e-01 4.342446997478866422e+00 2.085199700000000078e+01
2.834461811801860520e-01 4.222543359121571527e+00 2.053902100000000175e+01
2.918152982842853183e-01 4.103830600698072928e+00 2.014961200000000119e+01
2.991836422809657225e-01 3.986039935073064200e+00 1.965017699999999934e+01
3.037709959044030961e-01 3.868137241119707248e+00 1.906442799999999949e+01
3.067469184635152057e-01 3.748065206438532915e+00 1.845370099999999880e+01
3.099946218419575850e-01 3.626784812726169704e+00 1.767830999999999975e+01
3.131564213520289797e-01 3.505220135149072824e+00 1.662218999999999980e+01
3.161233542676399333e-01 3.383736729746100735e+00 1.488331299999999935e+01
3.188084069993915026e-01 3.262538489687031973e+00 1.109562000000000026e+01
2.644205934189695073e-01 4.340549036575370501e+00 2.086528399999999905e+01
2.556214378108658813e-01 4.216138768397453163e+00 2.056001699999999843e+01
2.471467242359655092e-01 4.094301876637503668e+00 2.015428400000000053e+01
2.399546318272061107e-01 3.979828876696432705e+00 1.963060000000000116e+01
2.255606444595024962e-01 3.876749476691277341e+00 1.883436199999999872e+01
2.003362264466386489e-01 3.774775505339430293e+00 1.756666200000000089e+01
1.724427191150449123e-01 3.669824550672246666e+00 1.672462799999999916e+01
1.521720611769523945e-01 3.714405716914948030e+00 1.759012799999999999e+01
1.472917769912510388e-01 3.927278956287757250e+00 1.896791100000000085e+01
1.521992986020907490e-01 4.140098486753704954e+00 1.977351799999999926e+01
1.674443639344853352e-01 4.308882478946717498e+00 2.030825199999999953e+01
1.871236915405690149e-01 4.447826566539772486e+00 2.075295099999999948e+01
1.624598440036826574e-01 4.575337036697298743e+00 2.089568699999999879e+01
1.381337199999999876e-01 4.712388980384689674e+00 2.101888500000000093e+01
2.754595883602676265e-01 4.220837252825598185e+00 2.058760099999999937e+01
2.852357936297027496e-01 4.102615250865612850e+00 2.024711800000000039e+01
2.938906606162020041e-01 3.985586047980809621e+00 1.982054899999999975e+01
2.991822703368273717e-01 3.868518281636332379e+00 1.931846600000000080e+01
3.024598423629695776e-01 3.748777542001572538e+00 1.878694000000000131e+01
3.060833469967461085e-01 3.627473281941089756e+00 1.813050099999999887e+01
3.096508458170428857e-01 3.505743183514074435e+00 1.727802300000000102e+01
3.130215070434335112e-01 3.384062208265234073e+00 1.604135899999999992e+01
3.160898811235369754e-01 3.262683488273255161e+00 1.336166500000000035e+01
3.187840000043686284e-01 3.141587418289088163e+00 9.234619099999999747e+00
2.662471907342927602e-01 4.218742977185755194e+00 2.059337000000000018e+01
2.587941132033355074e-01 4.097103532139340309e+00 2.024269699999999972e+01
2.524280390171710908e-01 3.981379471485384958e+00 1.978366899999999973e+01
2.399498923838131736e-01 3.874743794495556948e+00 1.907871199999999945e+01
2.182047132396823796e-01 3.768465160916721679e+00 1.773110000000000142e+01
1.941102160627940221e-01 3.658983983152208630e+00 1.639917399999999859e+01
1.674038563308749838e-01 3.545488835932719240e+00 1.582512099999999933e+01
1.457274796507590786e-01 3.583784703755899415e+00 1.685809700000000078e+01
1.360692590845630490e-01 3.806657964497024871e+00 1.854368600000000100e+01
1.360828248297706045e-01 4.047860009479451016e+00 1.952263999999999911e+01
1.457649693122199108e-01 4.270621903789960427e+00 2.015399700000000038e+01
1.642284135430516490e-01 4.440097231901246388e+00 2.062201299999999904e+01
1.389490160539976760e-01 4.560547098405435484e+00 2.076773800000000136e+01
1.156586100001729123e-01 4.712390709611766759e+00 2.092386600000000030e+01
2.776463540491661552e-01 4.101140751346076918e+00 2.029120100000000093e+01
2.877845169113731894e-01 3.985042660038803142e+00 1.991928499999999858e+01
2.938888930758544182e-01 3.868972194232981554e+00 1.947514200000000173e+01
2.975145290905538142e-01 3.749624891423107620e+00 1.898689699999999903e+01
3.015714414544060640e-01 3.628289835438785804e+00 1.839296500000000023e+01
3.056068279127099885e-01 3.506361569287135271e+00 1.765408100000000147e+01
3.094431609833305230e-01 3.384445877006750258e+00 1.669780899999999946e+01
3.129536641189242796e-01 3.262853938052354241e+00 1.457307300000000083e+01
3.160563000042794779e-01 3.141587449720419478e+00 1.116658200000000001e+01
3.187714048029915981e-01 3.020645046685743740e+00 1.110189399999999971e+01
2.688919778927078008e-01 4.099336511678669304e+00 2.028868900000000153e+01
2.632412237774501840e-01 3.982603981545414396e+00 1.989045499999999933e+01
2.524240745709179223e-01 3.873189593313379309e+00 1.928390699999999924e+01
2.336995524668798729e-01 3.763777515958277142e+00 1.805211399999999955e+01
2.129078113604701283e-01 3.651372505245699340e+00 1.641294699999999906e+01
1.898175533067910092e-01 3.535261860114530919e+00 1.535419100000000014e+01
1.641818909500010470e-01 3.414152678545039787e+00 1.511706399999999917e+01
1.413900276340806228e-01 3.442189264535193693e+00 1.618446700000000149e+01
1.272459937741420855e-01 3.663938369745924462e+00 1.805330500000000171e+01
1.220708608508160875e-01 3.927254154048412715e+00 1.926245300000000071e+01
1.272712405908718869e-01 4.190497947266960566e+00 1.996429799999999943e+01
1.414350729466506418e-01 4.412090871725477648e+00 2.048193600000000103e+01
1.169762830569701512e-01 4.528455855549159637e+00 2.064794300000000149e+01
9.320820900021456468e-02 4.712391126118443019e+00 2.084724800000000045e+01
2.807405518435454050e-01 3.984386469759684690e+00 1.995984599999999887e+01
2.877823535469227201e-01 3.869517139050826504e+00 1.955557999999999907e+01
2.918099858891071707e-01 3.750637733216776404e+00 1.908467299999999867e+01
2.963665657049600610e-01 3.629262885695879515e+00 1.851395600000000030e+01
3.009422427010188250e-01 3.507095014527510379e+00 1.783058499999999924e+01
3.053153701400286857e-01 3.384899504248056079e+00 1.705231099999999955e+01
3.093357220375498873e-01 3.263054875431594226e+00 1.536480899999999927e+01
3.129094000041769963e-01 3.141587486675664120e+00 1.223008300000000048e+01
3.160529837129755770e-01 3.020499912774008422e+00 1.336773299999999942e+01
3.187453348565502664e-01 2.899686986047030679e+00 1.244279399999999924e+01
2.726146897278250436e-01 3.983587766856958812e+00 1.994937699999999836e+01
2.632376280278375114e-01 3.871961953192508687e+00 1.943484700000000132e+01
2.471351278401199836e-01 3.760189102814642581e+00 1.840848000000000084e+01
2.292109694940885345e-01 3.645784893787776149e+00 1.667705499999999930e+01
2.092597345277834031e-01 3.528169873904933418e+00 1.526740900000000067e+01
1.870839646103349685e-01 3.406401384022631262e+00 1.463605199999999940e+01
1.624101240012762737e-01 3.278780463358928809e+00 1.471103199999999944e+01
1.388997038722842858e-01 3.293584163531039000e+00 1.571125200000000000e+01
1.208396219433222757e-01 3.502013346497638846e+00 1.755244599999999977e+01
1.102696454081462385e-01 3.775038800486937074e+00 1.898784300000000158e+01
1.102829008863229071e-01 4.079426487313968508e+00 1.978675300000000092e+01
1.208751852254647402e-01 4.352301583110801175e+00 2.033223699999999923e+01
9.525561507562461949e-02 4.479390951237128604e+00 2.054752200000000073e+01
7.044822000028390374e-02 4.712391819349252664e+00 2.078940199999999905e+01
2.807381130242170841e-01 3.870174744933691180e+00 1.957226899999999858e+01
2.852294693837663653e-01 3.751856799270481879e+00 1.909957299999999947e+01
2.903630180288978568e-01 3.630428077701582712e+00 1.852488900000000172e+01
2.955610600978019198e-01 3.507970347553071910e+00 1.786113500000000087e+01
3.005538701112602795e-01 3.385438121991838578e+00 1.719600300000000104e+01
3.051621698068047173e-01 3.263292545053652738e+00 1.589991000000000021e+01
3.092797000040570232e-01 3.141587531431112801e+00 1.300637099999999968e+01
3.129174688082465572e-01 3.020329507231558797e+00 1.457773199999999925e+01
3.160573444996738757e-01 2.899410103587441334e+00 1.489043599999999934e+01
3.188171932532253283e-01 2.778734695513284336e+00 1.293435799999999958e+01
2.726118332097825503e-01 3.870976147248265331e+00 1.953130300000000119e+01
2.587838969910152831e-01 3.757380623934005737e+00 1.870331600000000094e+01
2.433484838513535198e-01 3.641547102496693444e+00 1.710393900000000045e+01
2.261204872492358631e-01 3.523008958197123341e+00 1.547207700000000052e+01
2.069436486540296438e-01 3.401070877136342485e+00 1.458052700000000002e+01
1.855856970173224429e-01 3.274645567252086664e+00 1.443702500000000022e+01
1.618416000002863286e-01 3.141590771858025821e+00 1.463966199999999951e+01
1.380856000036026210e-01 3.141585430197347151e+00 1.553189799999999998e+01
1.169353719395669622e-01 3.325693979249099819e+00 1.716226599999999891e+01
1.011129593109246078e-01 3.589735339998596952e+00 1.871410200000000046e+01
9.503411274499960759e-02 3.927238788449883611e+00 1.962592100000000173e+01
1.011390952788288472e-01 4.264631313344984243e+00 2.020126199999999983e+01
7.362213478812586198e-02 4.399721678801123304e+00 2.046887200000000107e+01
2.776390706668368513e-01 3.753334045413545095e+00 1.904071799999999826e+01
2.834375820147531644e-01 3.631833930734757132e+00 1.844119099999999989e+01
2.893535885046182865e-01 3.509020567257560508e+00 1.777612299999999834e+01
2.950604559642658331e-01 3.386081593754670660e+00 1.719268599999999836e+01
3.003472705808798993e-01 3.263575065976807021e+00 1.623474900000000076e+01
3.050921000039264475e-01 3.141587580177207517e+00 1.362661699999999954e+01
3.093002294419058273e-01 3.020128593383715643e+00 1.536850500000000075e+01
3.129566802945480952e-01 2.899084912865339536e+00 1.604648999999999859e+01
3.161832809251698406e-01 2.778357156761825930e+00 1.548203400000000052e+01
3.189068319851681710e-01 2.657852691262041045e+00 1.312610399999999977e+01
2.688834873305989137e-01 3.755142052934512087e+00 1.890999400000000108e+01
2.556068042957677089e-01 3.638252822694742594e+00 1.758108899999999863e+01
2.407400496433595993e-01 3.519120940049353496e+00 1.586852999999999980e+01
2.241629941732175557e-01 3.397214465397869532e+00 1.481023099999999992e+01
2.056782617497338039e-01 3.271814748004497009e+00 1.468965799999999966e+01
1.851030000006893272e-01 3.141589924068931783e+00 1.456200399999999995e+01
1.624009505876664039e-01 3.004404268612356876e+00 1.471092499999999959e+01
1.388938723749309767e-01 2.989589934520473502e+00 1.571156200000000069e+01
1.156190000190864958e-01 3.141574483298580134e+00 1.700660500000000042e+01
9.522248217021681005e-02 3.374796692721892644e+00 1.849662400000000062e+01
8.233846300939839935e-02 3.721440807144957841e+00 1.948728799999999950e+01
8.235305347417205823e-02 4.133005019501765354e+00 2.009300400000000053e+01
5.243040149968630076e-02 4.253707770353364559e+00 2.041297099999999887e+01
2.754494364554991304e-01 3.633542969981895521e+00 1.826487200000000044e+01
2.821930886584892439e-01 3.510289408173453030e+00 1.758462499999999906e+01
2.887237763609891705e-01 3.386853999080092326e+00 1.707660900000000126e+01
2.947935106799777771e-01 3.263912151538542528e+00 1.640937399999999968e+01
3.002613000037740454e-01 3.141587639680575084e+00 1.412500499999999981e+01
3.051273811534755964e-01 3.019890908752860703e+00 1.590259299999999953e+01
3.093793239050696697e-01 2.898701311217642296e+00 1.670137799999999828e+01
3.131443237788101852e-01 2.777913158074643896e+00 1.662362500000000054e+01
3.163582896376826437e-01 2.657430985114437316e+00 1.576681600000000039e+01
3.189626993899833396e-01 2.537007910150018475e+00 1.314789299999999983e+01
2.662346339984081878e-01 3.635643350960047204e+00 1.798382900000000006e+01
2.534160886944099578e-01 3.516112957427800723e+00 1.636533199999999866e+01
2.390923276698792010e-01 3.394320598335814676e+00 1.520019899999999957e+01
2.230962687847128090e-01 3.269773648735309290e+00 1.507014900000000068e+01
2.052672000011233344e-01 3.141589344892690150e+00 1.485522100000000023e+01
1.855729998397108171e-01 3.008539128746155367e+00 1.443611199999999961e+01
1.641661488926636492e-01 2.869013643036815164e+00 1.511739799999999967e+01
1.413798851686143832e-01 2.840969472090328463e+00 1.618504099999999823e+01
1.169316673050090072e-01 2.957460592670183352e+00 1.716262400000000099e+01
9.317590001249935472e-02 3.141576273765183558e+00 1.841055899999999923e+01
7.359727137364945049e-02 3.454552161128467080e+00 1.938636999999999944e+01
6.538903593475704767e-02 3.927263953042026134e+00 2.001026200000000088e+01
3.338094266374756064e-02 3.927270008248882949e+00 2.037960199999999844e+01
2.739334625053450045e-01 3.511835443726395667e+00 1.728205699999999823e+01
2.814142709806150555e-01 3.387788001555909645e+00 1.685932499999999834e+01
2.883860205237920304e-01 3.264317445765875014e+00 1.645596099999999851e+01
2.946885000036020275e-01 3.141587709202075196e+00 1.451729199999999942e+01
3.003136835146743011e-01 3.019608530672610591e+00 1.623651100000000014e+01
3.052532078528160664e-01 2.898248158002901587e+00 1.705446600000000146e+01
3.096392390499143610e-01 2.777390854538766884e+00 1.727909500000000165e+01
3.134185152683111597e-01 2.656936260883832279e+00 1.696139300000000105e+01
3.165408803783327785e-01 2.536638545278172785e+00 1.592287199999999991e+01
3.190597469055270197e-01 2.416236660291330551e+00 1.298748600000000053e+01
2.644057500287057549e-01 3.513739253580297817e+00 1.686509900000000073e+01
2.520349831420941045e-01 3.392089742432397692e+00 1.567001499999999936e+01
2.381957005768384761e-01 3.268245868857028835e+00 1.544027400000000050e+01
2.227464000015492440e-01 3.141588924058182464e+00 1.504249399999999959e+01
2.056614530479929925e-01 3.011369300431188556e+00 1.468788200000000010e+01
1.870605595494882756e-01 2.876759193490009636e+00 1.463589100000000087e+01
1.674009980265524222e-01 2.737675622089912331e+00 1.582524699999999918e+01
1.457270269509909344e-01 2.699376696897747063e+00 1.685833399999999926e+01
1.208328368318719870e-01 2.781126183953251285e+00 1.755302999999999969e+01
9.521946865135992588e-02 2.908362800892033473e+00 1.849686600000000070e+01
7.042290000929037064e-02 3.141608896843051557e+00 1.934836200000000161e+01
5.241747148369978876e-02 3.600737027759239872e+00 1.995672400000000124e+01
2.729820212127266332e-01 3.388927914691232779e+00 1.654490300000000147e+01
2.809945318251103608e-01 3.264807900991452794e+00 1.639708699999999908e+01
2.882598000034077290e-01 3.141587791168810373e+00 1.481460500000000025e+01
2.947604318885055363e-01 3.019271254825551143e+00 1.641030299999999897e+01
3.004928015177026901e-01 2.897709448242994590e+00 1.719696199999999919e+01
3.055954255992012203e-01 2.776772850748062016e+00 1.765485599999999877e+01
3.100272347733729617e-01 2.656353820250565434e+00 1.767726100000000145e+01
3.137472774181392365e-01 2.536205568026634438e+00 1.717301000000000144e+01
3.168128987920671435e-01 2.416068406322817719e+00 1.598575899999999983e+01
3.190620478709588204e-01 2.295580063963595929e+00 1.359552000000000049e+01
2.632551603717214750e-01 3.390333528950542519e+00 1.613885700000000156e+01
2.512848965655979927e-01 3.267070160590961780e+00 1.577149299999999954e+01
2.378984000019473410e-01 3.141588607653040377e+00 1.515689700000000073e+01
2.230761478023041700e-01 3.013410112334311997e+00 1.506809499999999957e+01
2.069139406569717177e-01 2.882086431322918862e+00 1.457983699999999949e+01
1.898133326195629023e-01 2.747894575588438304e+00 1.535426999999999964e+01
1.724485549944923812e-01 2.613346484778730883e+00 1.672468200000000138e+01
1.521773991810820015e-01 2.568765211767940038e+00 1.759020800000000051e+01
1.272481369303323784e-01 2.619209806483055125e+00 1.805349899999999863e+01
1.011080735584099777e-01 2.693408957169650897e+00 1.871444299999999927e+01
7.359357636013036386e-02 2.828669141773401119e+00 1.938647800000000032e+01
4.725620033933281700e-02 3.141712492672767976e+00 1.993813499999999905e+01
2.724679873870446412e-01 3.265406641993771952e+00 1.624731999999999843e+01
2.808433000031775872e-01 3.141587896551971681e+00 1.502650799999999975e+01
2.883543447757478950e-01 3.018866091063281853e+00 1.645615600000000001e+01
2.950016514433374537e-01 2.897066686032285787e+00 1.719272399999999834e+01
3.009307552869269764e-01 2.776039426888475603e+00 1.783103799999999950e+01
3.061153172909061859e-01 2.655666066467525788e+00 1.812987899999999897e+01
3.105242235109119675e-01 2.535695657239062761e+00 1.793896099999999905e+01
3.142213004634032969e-01 2.415872301167174552e+00 1.732172399999999968e+01
3.168154535201684330e-01 2.295747174621155740e+00 1.635234600000000071e+01
3.189663267689240578e-01 2.174902568759665922e+00 1.395043000000000077e+01
2.626317321576920882e-01 3.266145724583286114e+00 1.603457500000000024e+01
2.510326000023084814e-01 3.141588364868328487e+00 1.522036699999999954e+01
2.381731649673782536e-01 3.014937946006122083e+00 1.543834099999999943e+01
2.241275723900749972e-01 2.885940330008463839e+00 1.480897500000000022e+01
2.092544399659689303e-01 2.754981260018573241e+00 1.526736000000000004e+01
1.941205101942150568e-01 2.624180007330811470e+00 1.639931500000000142e+01
1.797448704803454034e-01 2.499570129949606923e+00 1.765960099999999855e+01
1.610553828888747763e-01 2.453095985336938512e+00 1.825769999999999982e+01
1.360769322178403129e-01 2.476506648483143724e+00 1.854374299999999920e+01
1.102718655785128593e-01 2.508116028449483892e+00 1.898794200000000032e+01
8.233198401746462392e-02 2.561747159657426831e+00 1.948743999999999943e+01
5.240977744002427163e-02 2.682646243066114433e+00 1.995676999999999879e+01
2.722879000029219121e-01 3.141588020712607232e+00 1.516247599999999984e+01
2.809645589286318690e-01 3.018375832565632688e+00 1.639667299999999983e+01
2.886672386487890707e-01 2.896294869099881097e+00 1.707590499999999878e+01
2.955501213899999202e-01 2.775165024749185694e+00 1.786130700000000004e+01
3.016026258091248913e-01 2.654850363785382417e+00 1.839265100000000075e+01
3.068065802565404510e-01 2.535094814453061840e+00 1.845217699999999894e+01
3.112314960379973794e-01 2.415641585946082248e+00 1.812543499999999952e+01
3.142238021926410663e-01 2.295942851504463977e+00 1.763745499999999922e+01
3.165449046299251834e-01 2.175271618647766303e+00 1.674593899999999991e+01
3.189085036356548719e-01 2.054152726030951115e+00 1.419107900000000022e+01
2.624180000026318793e-01 3.141588174746497319e+00 1.522532700000000006e+01
2.512602484049794027e-01 3.016113695716737819e+00 1.576980600000000088e+01
2.390514922204650117e-01 2.888831891710912370e+00 1.519846100000000000e+01
2.261139581152997458e-01 2.760137855496663573e+00 1.547191300000000069e+01
2.129219636777496261e-01 2.631786307806236458e+00 1.641318899999999914e+01
2.003539282192860482e-01 2.508402461198284694e+00 1.756687700000000163e+01
1.898212665643259356e-01 2.400137206759286546e+00 1.848234199999999916e+01
1.727959113970585492e-01 2.355888765664384543e+00 1.880825000000000102e+01
1.473007009295394520e-01 2.355900511822722532e+00 1.896801200000000165e+01
1.220775271710289184e-01 2.355918268111249159e+00 1.926249500000000126e+01
9.503263056290815747e-02 2.355950205436399436e+00 1.962597500000000039e+01
6.537695577379964984e-02 2.356013043636964177e+00 2.001033800000000085e+01
2.724392244696872689e-01 3.017776963120450073e+00 1.624643100000000118e+01
2.813598143964569087e-01 2.895361062130945573e+00 1.685802299999999931e+01
2.893429954089962175e-01 2.774115540546859826e+00 1.777607300000000023e+01
2.963971929746339606e-01 2.653878811209339883e+00 1.851391800000000032e+01
3.025180436707949339e-01 2.534383442545172116e+00 1.878613899999999859e+01
3.077824337732098514e-01 2.415369724623662062e+00 1.868180100000000010e+01
3.112341499198513217e-01 2.296172869500459068e+00 1.843952200000000019e+01
3.137514754209770884e-01 2.175703558809736204e+00 1.802805299999999988e+01
3.163605369143731028e-01 2.054572869572157234e+00 1.701966699999999832e+01
3.188181939021202949e-01 1.933364642522463983e+00 1.441219199999999923e+01
2.626051737915763296e-01 3.017038130477501134e+00 1.603339599999999976e+01
2.519901000200288621e-01 2.891061664478222326e+00 1.566801800000000000e+01
2.407329767312831326e-01 2.764023517592287593e+00 1.586824900000000049e+01
2.292284227654406981e-01 2.637369879080353030e+00 1.667741200000000035e+01
2.182294617730254904e-01 2.514708874391680116e+00 1.773150800000000160e+01
2.089716826159286889e-01 2.403780281306148403e+00 1.860554099999999877e+01
1.898289637458194512e-01 2.311645008993484129e+00 1.907933600000000141e+01
1.610702658077820537e-01 2.258705848100039937e+00 1.932844499999999854e+01
1.360903349927627404e-01 2.235326871186672726e+00 1.952272599999999869e+01
1.102846102522446331e-01 2.203772189779966695e+00 1.978678899999999885e+01
8.234364544964387078e-02 2.150234725400705482e+00 2.009303699999999893e+01
2.729303275458506151e-01 2.894221784506739059e+00 1.654316100000000134e+01
2.821830152021927440e-01 2.772847686078193874e+00 1.758446299999999951e+01
2.903921218820899597e-01 2.652714000868969357e+00 1.852503799999999856e+01
2.975708277552537306e-01 2.533536835347717009e+00 1.898650900000000163e+01
3.038038553753207860e-01 2.415049247302877067e+00 1.906444700000000125e+01
3.077853036247216179e-01 2.296443957287991999e+00 1.899772300000000058e+01
3.105291013981562043e-01 2.176211887873902295e+00 1.881680899999999923e+01
3.134214414381570335e-01 2.055066883563866575e+00 1.831851800000000097e+01
3.161847083433352856e-01 1.933740938324339353e+00 1.727351799999999926e+01
3.187472262683302415e-01 1.812506077620161138e+00 1.455143499999999968e+01
2.632067226595879994e-01 2.892817009872029388e+00 1.613689600000000013e+01
2.534078737662984193e-01 2.767028615793849511e+00 1.636497100000000060e+01
2.433682625469384408e-01 2.641603424213514906e+00 1.710442000000000107e+01
2.337306200447568094e-01 2.519394241807011436e+00 1.805276500000000084e+01
2.255740518880894052e-01 2.406437518385127650e+00 1.883461600000000047e+01
2.089784862486862849e-01 2.308009202278245908e+00 1.923963200000000029e+01
1.797665551533432493e-01 2.212254451256839616e+00 1.953610199999999963e+01
1.522047377664716150e-01 2.143097405388753263e+00 1.977366400000000013e+01
1.272730525680294267e-01 2.092704551051154827e+00 1.996436500000000080e+01
1.011313592984996595e-01 2.018588539895744827e+00 2.020128800000000169e+01
2.739238741177011938e-01 2.771302837827752441e+00 1.728191599999999895e+01
2.834655444445410288e-01 2.651309652309593368e+00 1.844152100000000161e+01
2.918641040234469797e-01 2.532524891303836956e+00 1.908456599999999881e+01
2.992139520922117990e-01 2.414668165720613935e+00 1.931851400000000041e+01
3.038070021276771948e-01 2.296765123423267330e+00 1.938612600000000086e+01
3.068117722381951684e-01 2.176811131326689797e+00 1.935865000000000080e+01
3.100309434435860045e-01 2.055648242943878934e+00 1.911336100000000116e+01
3.131469147973718337e-01 1.934183690283535872e+00 1.857796899999999951e+01
3.160599935344237665e-01 1.812781850526264060e+00 1.746896399999999971e+01
3.187732588557208313e-01 1.691643023438005100e+00 1.478537500000000016e+01
2.643969089851501142e-01 2.769400662190571794e+00 1.686481300000000161e+01
2.556292022746049497e-01 2.644895608594213243e+00 1.758170300000000097e+01
2.471713206370190485e-01 2.522979557809063689e+00 1.840922700000000134e+01
2.399671091036021109e-01 2.408444045755274487e+00 1.907900400000000118e+01
2.255802016257253406e-01 2.305357279491885514e+00 1.944134299999999982e+01
2.003729580967025803e-01 2.203443751939615503e+00 1.968632900000000063e+01
1.724809588825123030e-01 2.098553608164018591e+00 1.994811800000000090e+01
1.457643821641628201e-01 2.012582004183096185e+00 2.015409700000000015e+01
1.208671836084340562e-01 1.930908649312670144e+00 2.033227300000000071e+01
2.754754734274339478e-01 2.649601227903962464e+00 1.826532600000000173e+01
2.852811880351602269e-01 2.531307202581567051e+00 1.909965899999999905e+01
2.939192625763075162e-01 2.414214220408835487e+00 1.947522199999999870e+01
2.992171894052194081e-01 2.297144566811399002e+00 1.964988299999999910e+01
3.025238539530938353e-01 2.177521870793249992e+00 1.973199100000000072e+01
3.061196339932513721e-01 2.056333917154570923e+00 1.965549700000000044e+01
3.096425873732810419e-01 1.934705424806412388e+00 1.937487000000000137e+01
3.129601393257117059e-01 1.813107429308743246e+00 1.879728100000000168e+01
3.160559631484329279e-01 1.691787335122159730e+00 1.769240599999999830e+01
3.187971100003920699e-01 1.570794758399248092e+00 1.485618499999999997e+01
2.662591720276048513e-01 2.647503118793318233e+00 1.798439199999999971e+01
2.588248305149132844e-01 2.525786524034307146e+00 1.870407099999999900e+01
2.524442377237944291e-01 2.409997471536194702e+00 1.928418399999999977e+01
2.399726790335274806e-01 2.303356040802013283e+00 1.963088399999999822e+01
2.182460411392692368e-01 2.197153210327681183e+00 1.986290400000000034e+01
1.941484746936326111e-01 2.087746377943620502e+00 2.009065800000000124e+01
1.674415214436743848e-01 1.974324362196225868e+00 2.030836100000000144e+01
1.414246065381283002e-01 1.871112171205927099e+00 2.048197899999999905e+01
1.169731425263508678e-01 1.754730968117268031e+00 2.064800299999999922e+01
2.776876504306054483e-01 2.529830758551251169e+00 1.904103900000000138e+01
2.878113109871423547e-01 2.413669638847363519e+00 1.955572099999999836e+01
2.939226995008237808e-01 2.297597942000776161e+00 1.982038700000000020e+01
2.975771960712420561e-01 2.178365950358977177e+00 1.998462500000000119e+01
3.016080068273048198e-01 2.057148728460967302e+00 2.002635000000000076e+01
3.056001314493337895e-01 1.935322582228641508e+00 1.991651699999999892e+01
3.093840828326894221e-01 1.813489218998769026e+00 1.960177399999999892e+01
3.129212986938609276e-01 1.691957767709465044e+00 1.901064699999999874e+01
3.160700800003954369e-01 1.570794744867242798e+00 1.779180900000000065e+01
3.187732836810193149e-01 1.449947427558137658e+00 1.490310599999999930e+01
2.689283416535618865e-01 2.528023406373305804e+00 1.891057999999999950e+01
2.632605569198556150e-01 2.411225173833341895e+00 1.943506599999999906e+01
2.524494533483531700e-01 2.301805853416637682e+00 1.978391600000000139e+01
2.337451955910974100e-01 2.192477963880882896e+00 2.002559499999999915e+01
2.129458710116917397e-01 2.080158664081059872e+00 2.024498200000000026e+01
1.898480382239439157e-01 1.964131200304723990e+00 2.044482800000000111e+01
1.642124475399684425e-01 1.843105107739108739e+00 2.062204399999999893e+01
1.389436112470149032e-01 1.722637608286991195e+00 2.076780099999999862e+01
2.807652466123899404e-01 2.413011926923672945e+00 1.957245800000000102e+01
2.878149868918726262e-01 2.298141441544730768e+00 1.991927300000000045e+01
2.918711649171292222e-01 2.179375844229695325e+00 2.014909000000000106e+01
2.964033970325443135e-01 2.058118155871805133e+00 2.027634000000000114e+01
3.009367447391396722e-01 1.936053679021080276e+00 2.028567100000000067e+01
3.052588722827463963e-01 1.813942346839783060e+00 2.014641200000000154e+01
3.093051211384097998e-01 1.692158299607541050e+00 1.981134399999999829e+01
3.129242100003994387e-01 1.570794728963907261e+00 1.913045100000000076e+01
3.160559945040000152e-01 1.449802143232318041e+00 1.788550599999999946e+01
3.187472773116170610e-01 1.329084353598765977e+00 1.505076399999999914e+01
2.726370430014190549e-01 2.412210832842135222e+00 1.953142000000000067e+01
2.632653813794962883e-01 2.300580784902055420e+00 1.989062900000000056e+01
2.471844410686887539e-01 2.188900526263196866e+00 2.015463600000000000e+01
2.292489183985835788e-01 2.074589387146664077e+00 2.038253600000000176e+01
2.092839082755482694e-01 1.957061401941557088e+00 2.058123399999999847e+01
1.871003237341175851e-01 1.835379286490304906e+00 2.075293900000000136e+01
1.624507692365317890e-01 1.707846032360438082e+00 2.089574800000000110e+01
2.807691929571313194e-01 2.298797610203871855e+00 1.995997600000000105e+01
2.852891117558390421e-01 2.180591288748891188e+00 2.024676099999999934e+01
2.903998123580882607e-01 2.059280057332065539e+00 2.043965000000000032e+01
2.955573473944988483e-01 1.936926335212418859e+00 2.053433400000000120e+01
3.005000627824420123e-01 1.814479712384319487e+00 2.051595899999999872e+01
3.051335909047602213e-01 1.692396090579859180e+00 2.035210999999999970e+01
3.092951200004041001e-01 1.570794710215882795e+00 1.994576299999999947e+01
3.129212939601037080e-01 1.449632630533272959e+00 1.924634000000000000e+01
3.160601457889844479e-01 1.328807663057175681e+00 1.802496100000000112e+01
3.188182309925711722e-01 1.208226377860834866e+00 1.504040099999999924e+01
2.726411897141240437e-01 2.299596319223845775e+00 1.994956799999999930e+01
2.588364066444702738e-01 2.186099226124145201e+00 2.024294499999999886e+01
2.433862031908056445e-01 2.070364892481864061e+00 2.048931500000000128e+01
2.261391850831388217e-01 1.951918668786725375e+00 2.069828599999999952e+01
2.069480059491129176e-01 1.830067332088074483e+00 2.087541600000000130e+01
1.856155720787175945e-01 1.703722108804354596e+00 2.102154399999999868e+01
2.776965431918670957e-01 2.182064769917768210e+00 2.029100800000000149e+01
2.834745125126905685e-01 2.060681008277099657e+00 2.053880099999999942e+01
2.893519012979006710e-01 1.937973200160256093e+00 2.069772700000000043e+01
2.950103953091688935e-01 1.815120503833847598e+00 2.076455500000000143e+01
3.003212531044621159e-01 1.692677333448066701e+00 2.071920799999999829e+01
3.051086100004096746e-01 1.570794688034194087e+00 2.049948300000000145e+01
3.093051705388876749e-01 1.449431442152301130e+00 2.007508100000000084e+01
3.129601668000963621e-01 1.328483271108400476e+00 1.937932599999999894e+01
3.161848446814369828e-01 1.207849510851616959e+00 1.803796799999999934e+01
3.189086961479728477e-01 1.087437765431969794e+00 1.502971600000000052e+01
2.689385551599584590e-01 2.183867894193001202e+00 2.028875000000000028e+01
2.556443449067523077e-01 2.067081650170722984e+00 2.056017699999999948e+01
2.407543014510229173e-01 1.948042231634869781e+00 2.078670100000000076e+01
2.241567720743295189e-01 1.826221338413407613e+00 2.097662899999999908e+01
2.056979811885009668e-01 1.700897907869902914e+00 2.113291500000000056e+01
2.754862815177418489e-01 2.062385527494724258e+00 2.058751300000000128e+01
2.821936225461817993e-01 1.939237034639883950e+00 2.079896000000000100e+01
2.886777095048678188e-01 1.815891293347844160e+00 2.092850500000000125e+01
2.947697758206904162e-01 1.693013811269076685e+00 2.096701399999999893e+01
3.002790500004162699e-01 1.570794661677066717e+00 2.087747799999999998e+01
3.051335864803684794e-01 1.449194250094681280e+00 2.063990000000000080e+01
3.093842117572164208e-01 1.328100540928550011e+00 2.020765899999999959e+01
3.131470234031453193e-01 1.207406703648541857e+00 1.941292599999999879e+01
3.163608692547623669e-01 1.087016765270336194e+00 1.803720900000000071e+01
3.189665762465385690e-01 9.666879581123593024e-01 1.495368299999999984e+01
2.662722096507859626e-01 2.064479199003722787e+00 2.059343099999999893e+01
2.534261018845919144e-01 1.945044495414927077e+00 2.084293699999999916e+01
2.390765625324188237e-01 1.823336442998185758e+00 2.105070900000000123e+01
2.231075278636964754e-01 1.698860743904883952e+00 2.122166599999999903e+01
2.053095100000974227e-01 1.570795352655899757e+00 2.135982100000000017e+01
2.739367091945854593e-01 1.940779719768116918e+00 2.085213699999999903e+01
2.813724998738727501e-01 1.816823020535324629e+00 2.103178799999999882e+01
2.883656125643278001e-01 1.693417551998593007e+00 2.113201000000000107e+01
2.947076600004240876e-01 1.570794630198343755e+00 2.113404299999999836e+01
3.003212191011278565e-01 1.448912958015169838e+00 2.102615000000000123e+01
3.052589293850385688e-01 1.327648328038465886e+00 2.077355999999999980e+01
3.096426345069709374e-01 1.206885558837289318e+00 2.025938800000000128e+01
3.134216080303252605e-01 1.086523526046389687e+00 1.942428200000000160e+01
3.165449838583134778e-01 9.663196720404941820e-01 1.799995600000000096e+01
3.190621494396107538e-01 8.460116155858488085e-01 1.469069200000000031e+01
2.644122169614021023e-01 1.942677447040033201e+00 2.086540799999999862e+01
2.520112195559047197e-01 1.821111793328558104e+00 2.109523000000000081e+01
2.381997139385614581e-01 1.697337529031205161e+00 2.128420399999999901e+01
2.227842200000897943e-01 1.570795429065245497e+00 2.143880100000000155e+01
2.056980163100791681e-01 1.440692316593858324e+00 2.156067300000000131e+01
2.729455534605283451e-01 1.817960211485456723e+00 2.108905999999999992e+01
2.809778529834292549e-01 1.693907503311264717e+00 2.123795700000000153e+01
2.882804900004335980e-01 1.570794592372979803e+00 2.130612800000000107e+01
2.947697718322833671e-01 1.448576448076826395e+00 2.128879500000000036e+01
3.005000428395583900e-01 1.327111553066592453e+00 2.116211099999999945e+01
3.056001619371739308e-01 1.206268708476042617e+00 2.084334799999999888e+01
3.100311104446115129e-01 1.085942142439004554e+00 2.028607900000000086e+01
3.137515870277919894e-01 9.658874033099175138e-01 1.939440700000000106e+01
3.168156952459774134e-01 8.458440464706492579e-01 1.786596700000000126e+01
2.632245777124622710e-01 1.819360734439099403e+00 2.110872699999999824e+01
2.512827651846065158e-01 1.696164887580787317e+00 2.131901399999999924e+01
2.379321800000840648e-01 1.570795486219233039e+00 2.149210899999999924e+01
2.231076059900325426e-01 1.442727435625488441e+00 2.163172000000000139e+01
2.069479798982509777e-01 1.311524288268604677e+00 2.173942200000000113e+01
2.724554543302784015e-01 1.694505743556928845e+00 2.129937699999999978e+01
2.808661200000712177e-01 1.570795614711858246e+00 2.141823199999999972e+01
2.883656333242679004e-01 1.448171965813352724e+00 2.146573599999999971e+01
2.950105207753664360e-01 1.326468762320468731e+00 2.142767699999999920e+01
3.009367832296504508e-01 1.205537244655935369e+00 2.124868000000000023e+01
3.061199237938590501e-01 1.085255542389709893e+00 2.088771099999999947e+01
3.105291563642199049e-01 9.653793216709014580e-01 2.027128199999999936e+01
3.142241616885080857e-01 8.456478393594656362e-01 1.930071099999999973e+01
2.626240508465544354e-01 1.695242633906297813e+00 2.132485199999999992e+01
2.510632000000796449e-01 1.570795530182728328e+00 2.151875100000000174e+01
2.381996976806328992e-01 1.444252999877172039e+00 2.167751900000000020e+01
2.241567860573254745e-01 1.315369487163474238e+00 2.180366300000000024e+01
2.723128500000734364e-01 1.570795592345530345e+00 2.148563800000000157e+01
2.809778793987213197e-01 1.447682651612095084e+00 2.158214399999999955e+01
2.886777386808732082e-01 1.325699243049299758e+00 2.160779600000000045e+01
2.955573505386898669e-01 1.204664873011125792e+00 2.152846100000000007e+01
3.016080081402264801e-01 1.084442427249588059e+00 2.131081000000000003e+01
3.068119983523625027e-01 9.647792571548117202e-01 2.089299000000000106e+01
3.112341554009656619e-01 8.454189408950383289e-01 2.019943400000000011e+01
2.624458100000762184e-01 1.570795564732815564e+00 2.151745000000000019e+01
2.512827259074535413e-01 1.445426141885041593e+00 2.169751499999999922e+01
2.390765906370290739e-01 1.318254081036135617e+00 2.184293699999999916e+01
2.724553996205617556e-01 1.447086145345952257e+00 2.165389300000000006e+01
2.813725052639239332e-01 1.324767805689855971e+00 2.172771099999999933e+01
2.893519328896250742e-01 1.203618014297501482e+00 2.171993600000000058e+01
2.964034076193257095e-01 1.083472989340333204e+00 2.160629499999999936e+01
3.025239665247207999e-01 9.640690292243075943e-01 2.133757999999999910e+01
3.077854568625321696e-01 8.451474006885136836e-01 2.084709499999999949e+01
2.626240409610094972e-01 1.446348480014326254e+00 2.169054399999999916e+01
2.520112960701769156e-01 1.320478070882348476e+00 2.185698899999999867e+01
2.729454860384008530e-01 1.323631624063183132e+00 2.180345900000000015e+01
2.821938427756183754e-01 1.202352121657942030e+00 2.184886399999999895e+01
2.903998880541321936e-01 1.082310784981310947e+00 2.181060599999999994e+01
2.975774396864312443e-01 9.632244073829767661e-01 2.165285899999999941e+01
3.038068749920714851e-01 8.448271586928823851e-01 2.131869100000000117e+01
2.632246134853273856e-01 1.322229993895918776e+00 2.184472999999999843e+01
2.534260353818645894e-01 1.196547207236764221e+00 2.199818000000000140e+01
2.739367781150316983e-01 1.200811073689302511e+00 2.193203499999999906e+01
2.834746565791949613e-01 1.080909117816710063e+00 2.194979299999999967e+01
2.918713438471241539e-01 9.622147309886037725e-01 2.187375799999999870e+01
2.992172026173796628e-01 8.444472319345810440e-01 2.165921799999999919e+01
2.644122775322962915e-01 1.198913266168430303e+00 2.197982400000000069e+01
2.754864532527959708e-01 1.079204577608130933e+00 2.204140100000000047e+01
2.852890541451118533e-01 9.610003685882956281e-01 2.202626199999999912e+01
2.939228382526681838e-01 8.439933102569929790e-01 2.190175800000000095e+01
2.662722318872479677e-01 1.077111793604879297e+00 2.209649500000000089e+01
2.776967729540580354e-01 9.595253853898485508e-01 2.212864099999999823e+01
2.878149854201828561e-01 8.434502771790226561e-01 2.207199299999999909e+01
2.689386135575187464e-01 9.577230936482010737e-01 2.219287500000000080e+01
2.807691841969477964e-01 8.427940613580918727e-01 2.218878600000000034e+01
2.726413884266990495e-01 8.419945266340060908e-01 2.226495699999999900e+01
2.632653880173467797e-01 8.410108719590857485e-01 2.230885900000000177e+01
1.169763674206140691e-01 4.896324579674294242e+00 2.116743100000000055e+01
1.414351798701755092e-01 5.012688335264401829e+00 2.143940399999999968e+01
9.525559030224672874e-02 4.945384913325513665e+00 2.111097900000000038e+01
1.208752133014461549e-01 5.072476290207392324e+00 2.138392800000000094e+01
1.457650235520772108e-01 5.154155880995817007e+00 2.161784199999999956e+01
4.727383000000000279e-02 4.712388980384689674e+00 2.074970100000000173e+01
7.362206344275609715e-02 5.025052312749168415e+00 2.107022699999999915e+01
1.011390555638134181e-01 5.160144642292042505e+00 2.134482200000000063e+01
1.272714009764727705e-01 5.234281101564455696e+00 2.157788800000000151e+01
1.521994573537159556e-01 5.284680365208134667e+00 2.178046000000000149e+01
1.724747363229412467e-01 5.240129038976911069e+00 2.186169599999999846e+01
2.373100018425126218e-02 3.141717266205557024e+00 2.036852999999999980e+01
2.373939900000000131e-02 4.712388980384689674e+00 2.072678200000000004e+01
5.243050977918209399e-02 5.171073424917967287e+00 2.104326199999999858e+01
8.235309029337978259e-02 5.291772648742152363e+00 2.131881900000000130e+01
1.102829484567674767e-01 5.345351156991068997e+00 2.155351999999999890e+01
1.360828878063675973e-01 5.376917588752998967e+00 2.175340100000000021e+01
1.610638350026626642e-01 5.400296758351070814e+00 2.193094999999999928e+01
1.941380255440764702e-01 5.229316896795089598e+00 2.196596299999999857e+01
1.797571373418034579e-01 5.353841100953252052e+00 2.200403400000000076e+01
3.337471286610917132e-02 2.356038321534764446e+00 2.037962699999999927e+01
2.479112173388947064e-06 1.490034518806651054e+00 2.071931599999999918e+01
3.338088682631141363e-02 5.497505388912358626e+00 2.102810300000000154e+01
6.538899707197082245e-02 5.497512439556767383e+00 2.130291400000000124e+01
9.503408448885146409e-02 5.497537981756176251e+00 2.154013099999999881e+01
1.220710602329776184e-01 5.497524490675932185e+00 2.174127400000000065e+01
1.472919961760208729e-01 5.497499436974700338e+00 2.191435099999999991e+01
1.727920365214059006e-01 5.497480102880865971e+00 2.207285900000000112e+01
2.129317496655031006e-01 5.221725421636509878e+00 2.204306800000000166e+01
2.003549378363980171e-01 5.345026844021614210e+00 2.210168799999999933e+01
1.898242339801680389e-01 5.453236178952765911e+00 2.213741699999999923e+01
5.242281024796581479e-02 2.029502240030232496e+00 2.041301500000000146e+01
2.374294399999999847e-02 1.570796326794896558e+00 2.072679099999999863e+01
2.373100018684251925e-02 6.283059821364223474e+00 2.102321999999999846e+01
5.241731214061041977e-02 5.824038472454883930e+00 2.129451900000000109e+01
8.233841606398097090e-02 5.703335807493790988e+00 2.153376400000000146e+01
1.102696939460845738e-01 5.649738560921210073e+00 2.173841699999999832e+01
1.360697123827236676e-01 5.618121702958140951e+00 2.191211500000000001e+01
1.610487599391564328e-01 5.594691710032534182e+00 2.206461499999999987e+01
1.898165939056913332e-01 5.541726319046432536e+00 2.219914100000000090e+01
2.292313875235075793e-01 5.216151471030104680e+00 2.209427600000000069e+01
2.182205653659701483e-01 5.338733045912127828e+00 2.217103799999999936e+01
2.089688529195555811e-01 5.449601699347295991e+00 2.222388099999999866e+01
7.361715524652352738e-02 1.883471218840902628e+00 2.046891000000000105e+01
4.727730200000000021e-02 1.570796326794896558e+00 2.074971800000000144e+01
3.337484082861072454e-02 7.855496915423885174e-01 2.102808399999999978e+01
4.725600034443136477e-02 6.283064570873672317e+00 2.129190799999999939e+01
7.359767257197837032e-02 5.970226606795691282e+00 2.153127100000000027e+01
1.011131768247523766e-01 5.835042711270171267e+00 2.174005700000000019e+01
1.272460421688692001e-01 5.760838930372874422e+00 2.191777199999999937e+01
1.521718741030801680e-01 5.710370512621072869e+00 2.207019400000000076e+01
1.797357814081202154e-01 5.641166307821828596e+00 2.220583200000000090e+01
2.089622248357717593e-01 5.545369365022448704e+00 2.229089199999999948e+01
2.433658055943408449e-01 5.211923708433439550e+00 2.212053099999999972e+01
2.337134528724557625e-01 5.334056337807776771e+00 2.221440499999999929e+01
2.255662500937339610e-01 5.446950238779168174e+00 2.228271499999999961e+01
9.525254345764444519e-02 1.803797692450057832e+00 2.054756899999999931e+01
7.045417299999999494e-02 1.570796326794896558e+00 2.078943399999999997e+01
5.242279321206766429e-02 1.112090253076407853e+00 2.104322799999999916e+01
5.240966873888788791e-02 4.589465202368330221e-01 2.129448700000000017e+01
7.042290001035551861e-02 6.283168158034920125e+00 2.153064900000000037e+01
9.522279369266414828e-02 6.049981127636497646e+00 2.174253300000000166e+01
1.208396600315006786e-01 5.922763777949936248e+00 2.192589999999999861e+01
1.457275339968603367e-01 5.840992469347589200e+00 2.208247799999999827e+01
1.724427043141730787e-01 5.754952406598378367e+00 2.222172700000000134e+01
2.003363270379977246e-01 5.650001771354294711e+00 2.231671100000000152e+01
2.255605493757496527e-01 5.548026967239690244e+00 2.235352100000000064e+01
2.556214532590204702e-01 5.208637825053604509e+00 2.212180899999999895e+01
2.471468872336780587e-01 5.330475615198408512e+00 2.223293100000000067e+01
2.399547879548356299e-01 5.444948498784413005e+00 2.231633799999999823e+01
9.321601700021454884e-02 1.570794181240875442e+00 2.084730100000000164e+01
7.361714097381134858e-02 1.258121372072259492e+00 2.107020599999999888e+01
6.537692677716844258e-02 7.855791665836022730e-01 2.130285299999999893e+01
7.359374694590894994e-02 3.129218478121424396e-01 2.153123700000000085e+01
9.317590001115330645e-02 1.547274885335105384e-05 2.174358900000000006e+01
1.169355879645096463e-01 6.099083403457600916e+00 2.193241499999999888e+01
1.413899709059701082e-01 5.982587601849824743e+00 2.209562499999999829e+01
1.674040960448034132e-01 5.879288814369822092e+00 2.224108899999999878e+01
1.941104710020766788e-01 5.765793752943467965e+00 2.234521700000000166e+01
2.182045817369102358e-01 5.656311288156659067e+00 2.239486899999999991e+01
2.399500329189029058e-01 5.550033515952786267e+00 2.239003900000000158e+01
2.662472247048311980e-01 5.206033635395762360e+00 2.209667800000000071e+01
2.587941115339326137e-01 5.327673013633152266e+00 2.222643899999999917e+01
2.524281953623805363e-01 5.443397933876440220e+00 2.232530200000000065e+01
1.156663400000000064e-01 1.570796326794896558e+00 2.092393300000000167e+01
9.525257504294813715e-02 1.337792881835992986e+00 2.111097300000000132e+01
8.234360779498454963e-02 9.913576289559743460e-01 2.131877899999999926e+01
8.233195114379841806e-02 5.798448842925113533e-01 2.153369899999999859e+01
9.521935240694608116e-02 2.332292575694116243e-01 2.174249599999999916e+01
1.156189000172178766e-01 1.725806593733293518e-05 2.193483499999999964e+01
1.388996242538910186e-01 6.131192784445247845e+00 2.210525300000000115e+01
1.641821247542769036e-01 6.010624712659154767e+00 2.225884200000000135e+01
1.898176162138944523e-01 5.889515302755844672e+00 2.237224000000000146e+01
2.129078991978468061e-01 5.773404717583224155e+00 2.243353499999999912e+01
2.336996748574589611e-01 5.660999714611211431e+00 2.244442899999999952e+01
2.524240860835186839e-01 5.551587130657239300e+00 2.240169099999999958e+01
2.754596230824657987e-01 5.203939405105483473e+00 2.204165800000000175e+01
2.688920015778901718e-01 5.325440023028658487e+00 2.219318799999999925e+01
2.632414026537619467e-01 5.442173371377874602e+00 2.230898699999999835e+01
1.618954200000000121e-01 1.570796326794896558e+00 2.113600299999999876e+01
1.381392499999999912e-01 1.570796326794896558e+00 2.101895499999999828e+01
1.169731692750525520e-01 1.386859988884100447e+00 2.116742500000000149e+01
1.011314116405888364e-01 1.123002168362258857e+00 2.134480100000000036e+01
9.503259307710226755e-02 7.856420538938864162e-01 2.154011200000000059e+01
1.011079496351612039e-01 4.481834297403478606e-01 2.173999200000000087e+01
1.169315503199637590e-01 1.841313599418950286e-01 2.193237099999999984e+01
1.380856000027516628e-01 6.312880778215969357e-06 2.210873000000000133e+01
1.624100453178320136e-01 6.145996504393918869e+00 2.227100000000000080e+01
1.870840104122285519e-01 6.018375673944039939e+00 2.239446999999999832e+01
2.092598076698247989e-01 5.896607228200947404e+00 2.246664399999999873e+01
2.292112460581769151e-01 5.778992686334585294e+00 2.249149500000000046e+01
2.471354299529108511e-01 5.664588536074922409e+00 2.246772400000000047e+01
2.632379504711032103e-01 5.552815778687596016e+00 2.238826900000000109e+01
2.834461988664912502e-01 5.202233368927832835e+00 2.195016100000000137e+01
2.776463784261486434e-01 5.323635828482105481e+00 2.212917099999999948e+01
2.726150243357883252e-01 5.441190081597189199e+00 2.226513699999999929e+01
1.851506800001080366e-01 1.570795246593624350e+00 2.125721400000000116e+01
1.624507258557498779e-01 1.433747205798644009e+00 2.134816899999999862e+01
1.389435763513146294e-01 1.418955734965883675e+00 2.124117999999999995e+01
1.208673223647819261e-01 1.210680016236439283e+00 2.138390199999999908e+01
1.102845683261715337e-01 9.378201848911149607e-01 2.155352600000000152e+01
1.102719829692057618e-01 6.334750106578221907e-01 2.173840300000000170e+01
1.208329887073862074e-01 3.604651114363205400e-01 2.192582300000000117e+01
1.388940517473889746e-01 1.520016399125241890e-01 2.210520400000000052e+01
1.618421000000780097e-01 9.825832091893824803e-07 2.227527600000000163e+01
1.855862147524395267e-01 6.150131859029161596e+00 2.240884199999999993e+01
2.069438917346693996e-01 6.023706425530028774e+00 2.249240100000000098e+01
2.261204722327095351e-01 5.901767980088738597e+00 2.252960399999999908e+01
2.433485893162540270e-01 5.783230064871876408e+00 2.252198399999999978e+01
2.587841988792060066e-01 5.667397026166989704e+00 2.246529999999999916e+01
2.726120064764787077e-01 5.553801102429171799e+00 2.234779699999999991e+01
2.903701127225543632e-01 5.200831128243653012e+00 2.181109999999999971e+01
2.852359821785857563e-01 5.322162248121718342e+00 2.202706699999999884e+01
2.807405537862318057e-01 5.440390053368989953e+00 2.218890199999999879e+01
1.856155589386299654e-01 1.437869448233715319e+00 2.146526899999999927e+01
1.642124531736445237e-01 1.298486290901441187e+00 2.153705799999999826e+01
1.414247257926367907e-01 1.270477042418140412e+00 2.143935199999999952e+01
1.272731002630704822e-01 1.048886505296160898e+00 2.157789400000000057e+01
1.220776155058155982e-01 7.856727924037489874e-01 2.174129299999999887e+01
1.272479152059673435e-01 5.223829706918384774e-01 2.191775300000000115e+01
1.413801364766574531e-01 3.006217492066479147e-01 2.209553700000000021e+01
1.624013271363370925e-01 1.371871697754139252e-01 2.227094100000000054e+01
1.851032000003124955e-01 1.837707667936681819e-06 2.241378999999999877e+01
2.056784842093211108e-01 6.152962442366941787e+00 2.250848200000000077e+01
2.241630477768890295e-01 6.027562580361970568e+00 2.255822399999999917e+01
2.407404136690956542e-01 5.905656588115159700e+00 2.256430999999999898e+01
2.556068355009945003e-01 5.786524091764960076e+00 2.252613099999999946e+01
2.688836427894275571e-01 5.669635086830773218e+00 2.243584600000000151e+01
2.807380622999469666e-01 5.554601813337199268e+00 2.227548799999999929e+01
2.963725566446535620e-01 5.199668580715403721e+00 2.160695600000000027e+01
2.918152093557023208e-01 5.320945484086256450e+00 2.187476900000000057e+01
2.877845265883168246e-01 5.439733875179351585e+00 2.207212399999999874e+01
1.871003181234880131e-01 1.306212251490831200e+00 2.165024199999999865e+01
1.674415264023918493e-01 1.167267005275857361e+00 2.170707900000000024e+01
1.457643032491579560e-01 1.129011152251265582e+00 2.161782499999999985e+01
1.360904032263924868e-01 9.062643083127631671e-01 2.175342399999999898e+01
1.360768680366767625e-01 6.650854037272436736e-01 2.191213399999999822e+01
1.457271597825761100e-01 4.422146747423612023e-01 2.208244900000000044e+01
1.641664014725594811e-01 2.725777266081125250e-01 2.225873400000000046e+01
1.855731768462826059e-01 1.330525272959828809e-01 2.240877700000000061e+01
2.052672000006015574e-01 2.420555208036301607e-06 2.251396899999999945e+01
2.230962949900114900e-01 6.155003400686833714e+00 2.257568200000000047e+01
2.390923844304619628e-01 6.030456443169244451e+00 2.259543000000000035e+01
2.534161786877403566e-01 5.908664099894640032e+00 2.257231499999999969e+01
2.662352022409810726e-01 5.789134607498742646e+00 2.250308199999999914e+01
2.776394009419383413e-01 5.671443473957817005e+00 2.237558399999999992e+01
2.877825398370408849e-01 5.555260095350891270e+00 2.216323699999999874e+01
3.015760216470483313e-01 5.198698060298845292e+00 2.131171600000000055e+01
2.975190112843192902e-01 5.319935335898772877e+00 2.165412900000000107e+01
2.938906630430285771e-01 5.439190539483876208e+00 2.190194299999999927e+01
1.898480317509770310e-01 1.177460298563720142e+00 2.181621200000000016e+01
1.724809904869580857e-01 1.043037810069366467e+00 2.186167700000000025e+01
1.522047872342000840e-01 9.984938944909559355e-01 2.178045699999999840e+01
1.473006372712369616e-01 7.856917098551654544e-01 2.191437000000000168e+01
1.521773341398776902e-01 5.728267791435339706e-01 2.207019800000000131e+01
1.674011265161286233e-01 4.039157874332094944e-01 2.224105099999999879e+01
1.870605195020202116e-01 2.648326706984465151e-01 2.239435200000000137e+01
2.056617277832457624e-01 1.302223200303471995e-01 2.250842499999999902e+01
2.227466000008985481e-01 2.840002316526036951e-06 2.258159799999999962e+01
2.381960262158704378e-01 6.156531326461460729e+00 2.261423500000000075e+01
2.520349472431478999e-01 6.032687174391559992e+00 2.260559699999999950e+01
2.644060312423097137e-01 5.911038062683772409e+00 2.255305699999999902e+01
2.754494805711547034e-01 5.791233923331089883e+00 2.244952999999999932e+01
2.852297994774712908e-01 5.672920730137080092e+00 2.227728700000000117e+01
2.938890792520303941e-01 5.555805054916158170e+00 2.199796500000000066e+01
3.060870443146564979e-01 5.197884123992831285e+00 2.088891999999999882e+01
3.024634729656386356e-01 5.319090088225216562e+00 2.133921399999999835e+01
2.991837851957792060e-01 5.438737154255700368e+00 2.165943899999999900e+01
2.092839854831088364e-01 1.184528822561051742e+00 2.189955700000000149e+01
1.941484605270060448e-01 1.053845049181883820e+00 2.196593899999999877e+01
1.797665866917045607e-01 9.293369447861088428e-01 2.200402100000000161e+01
1.610703155351338733e-01 8.828854519979537629e-01 2.193094400000000022e+01
1.610552357771966314e-01 6.884965353510886787e-01 2.206461900000000043e+01
1.724486637226365637e-01 5.282449481996932539e-01 2.222172899999999984e+01
1.898134601617156303e-01 3.936969488809143880e-01 2.237220599999999848e+01
2.069140908510814780e-01 2.595051894928884217e-01 2.249229400000000112e+01
2.230766192845033691e-01 1.281814055519118756e-01 2.257564700000000002e+01
2.378986000011833746e-01 3.154340378621444948e-06 2.262050599999999889e+01
2.512854220445640552e-01 6.157707121355971758e+00 2.262572300000000070e+01
2.632554184704006817e-01 6.034443657929770666e+00 2.258843200000000095e+01
2.739332798073204067e-01 5.912941208721751885e+00 2.250356700000000032e+01
2.834377138497139459e-01 5.792943158515460489e+00 2.235874000000000095e+01
2.918103158325758284e-01 5.674139804539596099e+00 2.212862200000000001e+01
2.991824564180528001e-01 5.556258979820976052e+00 2.176029799999999881e+01
3.099972259694955268e-01 5.197196104957001239e+00 2.028766800000000003e+01
3.067498964180336851e-01 5.318380162915378406e+00 2.089521799999999985e+01
3.037721796538485064e-01 5.438356972609245332e+00 2.131893000000000171e+01
2.261392224787970862e-01 1.189672145517527424e+00 2.195741299999999896e+01
2.129459263714732764e-01 1.061431983170516347e+00 2.204303600000000074e+01
2.003729553834909527e-01 9.381476540502986516e-01 2.210168499999999980e+01
1.898288825772699584e-01 8.299472535041725330e-01 2.213736899999999963e+01
1.727958406647802092e-01 7.857034788353720600e-01 2.207283800000000085e+01
1.797450269121583788e-01 6.420209004018326837e-01 2.220584699999999856e+01
1.941206103143900130e-01 5.174114695534069996e-01 2.234523199999999932e+01
2.092542855102526023e-01 3.866108478701441031e-01 2.246662299999999846e+01
2.241278163633659282e-01 2.556511951394739302e-01 2.255815700000000135e+01
2.381733379758974867e-01 1.266537643493635679e-01 2.261424799999999991e+01
2.510328000014478977e-01 3.396471775786755759e-06 2.263256600000000063e+01
2.626322593422221741e-01 6.158631528170698921e+00 2.260986899999999977e+01
2.729822826971110561e-01 6.035849245159504051e+00 2.254089400000000154e+01
2.821931967786506235e-01 5.914487560937192967e+00 2.241730499999999893e+01
2.903633307884386228e-01 5.794349324747663843e+00 2.221906699999999901e+01
2.975148646213665593e-01 5.675152625733434597e+00 2.191103899999999882e+01
3.037710324111606575e-01 5.556639593304790736e+00 2.142378400000000127e+01
3.133872872213070426e-01 5.196615553676835475e+00 1.942646600000000134e+01
3.104655280550007723e-01 5.317779784390782361e+00 2.027437799999999868e+01
3.077498313746782621e-01 5.438037219415489787e+00 2.084736799999999945e+01
2.407543093435763892e-01 1.193548647833906573e+00 2.199030099999999877e+01
2.292488573124970563e-01 1.067002123376590950e+00 2.209422899999999856e+01
2.182460287518882547e-01 9.444382710747734055e-01 2.217102999999999824e+01
2.089785096425010313e-01 8.335822602653162328e-01 2.222383500000000112e+01
1.898211787672903217e-01 7.414549417592027902e-01 2.219910600000000045e+01
2.556442642678737331e-01 1.074509942945666374e+00 2.212167399999999873e+01
2.003537647641692732e-01 6.331899244245134950e-01 2.231674999999999898e+01
2.129220601643713462e-01 5.098052314984053979e-01 2.243356100000000097e+01
2.261140771037093711e-01 3.814537340796668730e-01 2.252960399999999908e+01
2.390516373506025860e-01 2.527597668998055602e-01 2.259543800000000147e+01
2.512604203008703685e-01 1.254780211429100678e-01 2.262574599999999947e+01
2.624185000016840963e-01 3.582712880364676214e-06 2.261675599999999875e+01
2.724684165580083528e-01 6.159370549501687719e+00 2.256337500000000063e+01
2.814145339216164721e-01 6.036989157110428827e+00 2.245671300000000059e+01
2.893538793282615096e-01 5.915756706462022230e+00 2.228308900000000037e+01
2.963668923324770943e-01 5.795514437408429309e+00 2.201202599999999876e+01
3.024599485214737871e-01 5.675999334092825421e+00 2.159764300000000148e+01
3.077489480059620863e-01 5.556961090799200420e+00 2.095467400000000069e+01
3.163258117122887958e-01 5.196121069132511039e+00 1.804068600000000089e+01
3.136865633995056801e-01 5.317271077565561832e+00 1.939868399999999937e+01
3.111976894534727589e-01 5.437765903165607817e+00 2.019982100000000003e+01
2.433861234424676001e-01 1.071226646141985261e+00 2.212044699999999864e+01
2.337453242131324604e-01 9.491124525274516888e-01 2.221437299999999837e+01
2.255803509906280924e-01 8.362335827545496203e-01 2.228266100000000094e+01
2.089715077211244665e-01 7.378121630484134608e-01 2.229086300000000165e+01
2.588365400941932681e-01 9.554914263245237738e-01 2.222625499999999832e+01
2.182292810610266254e-01 6.268834171306509884e-01 2.239491500000000102e+01
2.292283358026193374e-01 5.042220869895389646e-01 2.249152000000000129e+01
2.407329081602284371e-01 3.775684177790400442e-01 2.256433699999999831e+01
2.519900511801754783e-01 2.505302317410330604e-01 2.260567500000000152e+01
2.626051464604686747e-01 1.245536918426584372e-01 2.261002699999999876e+01
2.722881000018974595e-01 3.733319965122520993e-06 2.257040399999999991e+01
2.809949613621143816e-01 6.159969298805399340e+00 2.248089600000000132e+01
2.887240410335326080e-01 6.037923152163578777e+00 2.232471800000000073e+01
2.955613578772303129e-01 5.916806876386342395e+00 2.208263799999999932e+01
3.015714980561671754e-01 5.796487061654247874e+00 2.171024299999999840e+01
3.067468315570135995e-01 5.676711446876038458e+00 2.115228300000000061e+01
3.111971348175571750e-01 5.557232776091989734e+00 2.030802200000000113e+01
3.188732420744644913e-01 5.195700356709659573e+00 1.503228799999999943e+01
3.164787200896927444e-01 5.316838215087948960e+00 1.800676500000000146e+01
3.141865909722029171e-01 5.437535846000413287e+00 1.930139700000000147e+01
2.471843939713753158e-01 9.526909990436458475e-01 2.223283400000000043e+01
2.399726863996028692e-01 8.382355193936632531e-01 2.231626699999999985e+01
2.255739445757635464e-01 7.351546090965891400e-01 2.235348899999999972e+01
2.337306893130347007e-01 6.221973568059563364e-01 2.244446200000000147e+01
2.433686150462306130e-01 4.999875953371735737e-01 2.252198399999999978e+01
2.534079889217037418e-01 3.745630365536136708e-01 2.257237599999999844e+01
2.632069602411463705e-01 2.487745676991105215e-01 2.258865199999999973e+01
2.724395933732718378e-01 1.238146823116914874e-01 2.256367900000000049e+01
2.808437000020888030e-01 3.856693954661006456e-06 2.248792800000000014e+01
2.883862528067316355e-01 6.160459650049839198e+00 2.235118100000000041e+01
2.950607204561945252e-01 6.038695574181633496e+00 2.212663999999999831e+01
3.009423606492871439e-01 5.917681922120083371e+00 2.178847499999999826e+01
3.060834917629158269e-01 5.797303783249589948e+00 2.127603900000000081e+01
3.104631927360584909e-01 5.677313009059890447e+00 2.052598599999999962e+01
3.141860155213566097e-01 5.557463007181789649e+00 1.940940300000000107e+01
3.188992761148911059e-01 5.316469643422083280e+00 1.495873100000000022e+01
3.167776102593425347e-01 5.437340223858540433e+00 1.786675800000000081e+01
2.524494528626663459e-01 8.397857343279361286e-01 2.232520099999999985e+01
2.399669277224937280e-01 7.331483912625852417e-01 2.238999199999999945e+01
2.471712162540130320e-01 6.186125024954969298e-01 2.246770700000000076e+01
2.556292875673787934e-01 4.966960187222964618e-01 2.252610200000000162e+01
2.643970221964661027e-01 3.721910081443312590e-01 2.255318099999999859e+01
2.729304702830293028e-01 2.473699472032679370e-01 2.254132299999999844e+01
2.809647286525975285e-01 1.232159070056552258e-01 2.248131400000000113e+01
2.882597000022578682e-01 3.957785982549909680e-06 2.235792500000000160e+01
2.947934464455173598e-01 6.160864801552091485e+00 2.215608999999999895e+01
3.005538450177122067e-01 6.039338796276179089e+00 2.183489600000000053e+01
3.056071324760760710e-01 5.918415616168636539e+00 2.136223000000000027e+01
3.099946826246701148e-01 5.797992084459980155e+00 2.065801000000000087e+01
3.136845928831702990e-01 5.677822558575998713e+00 1.964004299999999859e+01
3.167771854183992208e-01 5.557659723127065021e+00 1.799578299999999942e+01
3.190235362136508712e-01 5.437172852417972990e+00 1.469176000000000037e+01
2.524442662955260763e-01 7.315941222108036657e-01 2.240161499999999961e+01
2.588248840294860575e-01 6.158050839763951068e-01 2.246520399999999995e+01
2.662595221245824262e-01 4.940880160102392171e-01 2.250300199999999862e+01
2.739239874614309844e-01 3.702888640890151795e-01 2.250378399999999957e+01
2.813599557139414564e-01 2.462306736481821856e-01 2.245744900000000044e+01
2.883548118795190018e-01 1.227255310914950187e-01 2.235166200000000103e+01
2.946884000024055927e-01 4.040525178437699367e-06 2.216215700000000055e+01
3.003478021528856456e-01 6.161202138985300891e+00 2.186791200000000046e+01
3.053154453051566963e-01 6.039877464725625700e+00 2.141084899999999891e+01
3.096511466722649542e-01 5.919034041635893750e+00 2.075113100000000088e+01
3.133853565312998413e-01 5.798575078573652952e+00 1.977500900000000073e+01
3.164773784164656711e-01 5.678256379586203551e+00 1.822736199999999940e+01
3.190232774864713572e-01 5.557827370626727159e+00 1.493026700000000062e+01
2.632605791486063995e-01 7.303664352960482775e-01 2.238815500000000114e+01
2.689284832911011947e-01 6.135680576643333106e-01 2.243563500000000133e+01
2.754753789510795414e-01 4.919907857782668259e-01 2.244938700000000154e+01
2.821834058992088723e-01 3.687436346677468446e-01 2.241758700000000104e+01
2.886673782645960418e-01 2.452968634865948794e-01 2.232584800000000058e+01
2.947607985177481127e-01 1.223203947429351846e-01 2.215664900000000159e+01
3.002615000025337655e-01 4.108208345036112400e-06 2.187286599999999837e+01
3.051624045047771072e-01 6.161484525973216719e+00 2.144766999999999868e+01
3.094432362515597834e-01 6.040331101950035197e+00 2.080159599999999998e+01
3.131568191059971862e-01 5.919557181463274809e+00 1.987302000000000035e+01
3.163246398207267829e-01 5.799070383240331417e+00 1.835699100000000072e+01
3.188980024794292878e-01 5.678625547180471855e+00 1.516121899999999911e+01
2.726369230478579153e-01 7.293813284974909328e-01 2.234764699999999849e+01
2.776877107822853796e-01 6.117609507516139633e-01 2.237517400000000123e+01
2.834654549782321675e-01 4.902824099632409616e-01 2.235848400000000069e+01
2.893433865825396079e-01 3.674758148941370539e-01 2.228340499999999835e+01
2.950018865948720870e-01 2.445249616073864873e-01 2.212828800000000129e+01
3.003141490139137892e-01 1.219830841352591011e-01 2.186871100000000112e+01
3.050923000026466436e-01 4.165263102322315458e-06 2.145083400000000040e+01
3.093361556821268565e-01 6.161722272922213861e+00 2.084171900000000122e+01
3.130217799461694206e-01 6.040714888713748287e+00 1.992544200000000032e+01
3.161954390128041692e-01 5.920000863961958792e+00 1.845824800000000110e+01
3.188725550916345908e-01 5.799492169353131388e+00 1.529190299999999958e+01
2.807652893067107969e-01 7.285798271906483992e-01 2.227544400000000024e+01
2.852812430429130242e-01 6.102845034439013938e-01 2.227659999999999840e+01
2.903922045269852203e-01 4.888777212245866144e-01 2.221867200000000153e+01
2.955502292906204143e-01 3.664266914317243495e-01 2.208300600000000102e+01
3.004931339007157476e-01 2.438821379239107801e-01 2.183724799999999888e+01
3.051278462551826887e-01 1.217007098613707705e-01 2.144881399999999871e+01
3.092801000027464720e-01 4.214257237993274272e-06 2.084230799999999917e+01
3.129539000283996231e-01 6.161923119906409951e+00 1.996734800000000121e+01
3.161233358345984512e-01 6.041040147871897581e+00 1.851376300000000086e+01
3.188297716481502952e-01 5.920378962960249680e+00 1.539193599999999940e+01
2.878112045358900972e-01 7.279225997159896044e-01 2.216314699999999860e+01
2.918641479182779719e-01 6.090667801208557997e-01 2.212776200000000060e+01
2.963970109125132479e-01 4.877134043849949419e-01 2.201145599999999902e+01
3.009313303930483685e-01 3.655517124356986725e-01 2.178892700000000104e+01
3.052533446143710361e-01 2.433435810091261198e-01 2.141411199999999937e+01
3.093005953554156529e-01 1.214630787247894389e-01 2.084327499999999844e+01
3.129101000028339796e-01 4.256146733492971282e-06 1.996430199999999999e+01
3.160901174680332271e-01 6.162093565953958851e+00 1.855669599999999875e+01
3.188125069846791115e-01 6.041317400943513327e+00 1.543584399999999945e+01
2.939193055742212457e-01 7.273775741357273450e-01 2.199783299999999997e+01
2.975708833655834606e-01 6.080549102264574124e-01 2.190994600000000148e+01
3.016028904815561962e-01 4.867411126497163676e-01 2.170944000000000074e+01
3.055958213372607091e-01 3.648186077072785860e-01 2.136278499999999880e+01
3.093796566060568187e-01 2.428903066756986640e-01 2.080604900000000157e+01
3.129179335645533300e-01 1.212621251113412818e-01 1.996946099999999902e+01
3.160567000029087525e-01 4.290387452604802959e-06 1.854662499999999881e+01
3.188088418413069780e-01 6.162238647852204210e+00 1.548326899999999995e+01
2.992139952047358498e-01 7.269236440903555918e-01 2.176014899999999841e+01
3.025181109213961328e-01 6.072083723280208289e-01 2.159612800000000021e+01
3.061156706771643310e-01 4.859252754611089187e-01 2.127492000000000161e+01
3.096394445698288367e-01 3.642008202131103989e-01 2.075192799999999949e+01
3.129568172896553535e-01 2.425068490251107711e-01 1.993156400000000161e+01
3.160533497391793123e-01 1.210917807346616887e-01 1.855911599999999950e+01
3.187845000029738696e-01 4.319408252256419282e-06 1.547649499999999989e+01
3.038039733316188484e-01 7.265423566529332078e-01 2.142362999999999928e+01
3.068068177175091726e-01 6.064966675159382259e-01 2.115005499999999827e+01
3.100275930998757645e-01 4.852375675445991798e-01 2.065647299999999831e+01
3.131446193593203642e-01 3.636783845366681756e-01 1.987409200000000098e+01
3.160574832642694676e-01 2.421816886935067581e-01 1.852127099999999871e+01
3.187718696601078427e-01 1.209466048714582520e-01 1.548527499999999968e+01
3.077826947289474258e-01 7.262214372250289651e-01 2.095450400000000002e+01
3.105245547770160708e-01 6.058957087596822388e-01 2.052286300000000097e+01
3.134188691642858515e-01 4.846551130419649023e-01 1.977281400000000033e+01
3.161832027591321981e-01 3.632348464282305622e-01 1.845978699999999861e+01
3.187456661963384841e-01 2.419046419868422781e-01 1.544360099999999925e+01
3.112315460347208074e-01 7.259502806101795214e-01 2.030779799999999824e+01
3.137471806745003033e-01 6.053866400199713338e-01 1.963564300000000173e+01
3.163586483866852594e-01 4.841604292329328429e-01 1.835342599999999891e+01
3.188173056915966641e-01 3.628571196163310475e-01 1.539301099999999956e+01
3.142215067578126297e-01 7.257191742957592728e-01 1.940907299999999935e+01
3.165412120212778846e-01 6.049528461817700320e-01 1.822037699999999916e+01
3.189071023732422683e-01 4.837388793026093370e-01 1.528932000000000002e+01
3.168131184296049119e-01 7.255231261350527650e-01 1.799484299999999948e+01
3.189630254962766420e-01 6.045834654829655985e-01 1.515554700000000032e+01
3.190596672973163295e-01 7.253557118727437247e-01 1.492944299999999913e+01
