1, 1, 0
1, 2, 0
1, 3, 0
1, 4, 0
1, 5, 0
1, 6, 0
1, 7, 0
1, 8, 0
1, 9, 0
1, 10, 0
1, 11, 0
1, 12, 0
1, 13, 0
1, 14, 0
1, 15, 0
1, 16, 0
1, 17, 0
1, 18, 0
1, 19, 0
1, 20, 0
1, 21, 0
1, 22, 0
1, 23, 0
1, 24, 0
1, 25, 0
1, 26, 0
1, 27, 0
1, 28, 0
1, 29, 0
1, 30, 0
1, 31, 0
1, 32, 0
1, 33, 0
1, 34, 0
1, 35, 0
1, 36, 0
1, 37, 0
1, 38, 0
1, 39, 0
1, 40, 0
2, 1, 0
2, 2, 0
2, 3, 0
2, 4, 0
2, 5, 0
2, 6, 0
2, 7, 0
2, 8, 0
2, 9, 0
2, 10, 0
2, 11, 0
2, 12, 0
2, 13, 0
2, 14, 0
2, 15, 0
2, 16, 0
2, 17, 0
2, 18, 0
2, 19, 0
2, 20, 0
2, 21, 0
2, 22, 0
2, 23, 0
2, 24, 0
2, 25, 0
2, 26, 0
2, 27, 0
2, 28, 0
2, 29, 0
2, 30, 0
2, 31, 0
2, 32, 0
2, 33, 0
2, 34, 0
2, 35, 0
2, 36, 0
2, 37, 0
2, 38, 0
2, 39, 0
2, 40, 0
3, 1, 0
3, 2, 0
3, 3, 0
3, 4, 0
3, 5, 0
3, 6, 0
3, 7, 0
3, 8, 0
3, 9, 0
3, 10, 0
3, 11, 0
3, 12, 0
3, 13, 0
3, 14, 0
3, 15, 0
3, 16, 0
3, 17, 0
3, 18, 0
3, 19, 0
3, 20, 0
3, 21, 0
3, 22, 0
3, 23, 0
3, 24, 0
3, 25, 0
3, 26, 0
3, 27, 0
3, 28, 0
3, 29, 0
3, 30, 0
3, 31, 0
3, 32, 0
3, 33, 0
3, 34, 0
3, 35, 0
3, 36, 0
3, 37, 0
3, 38, 0
3, 39, 0
3, 40, 0
4, 1, 0
4, 2, 0
4, 3, 0
4, 4, 0
4, 5, 0
4, 6, 0
4, 7, 0
4, 8, 0
4, 9, 0
4, 10, 0
4, 11, 0
4, 12, 0
4, 13, 0
4, 14, 0
4, 15, 0
4, 16, 0
4, 17, 0
4, 18, 0
4, 19, 0
4, 20, 0
4, 21, 0
4, 22, 0
4, 23, 0
4, 24, 0
4, 25, 0
4, 26, 0
4, 27, 0
4, 28, 0
4, 29, 0
4, 30, 0
4, 31, 0
4, 32, 0
4, 33, 0
4, 34, 0
4, 35, 0
4, 36, 0
4, 37, 0
4, 38, 0
4, 39, 0
4, 40, 0
5, 1, 0
5, 2, 0
5, 3, 0
5, 4, 0
5, 5, 0
5, 6, 0
5, 7, 0
5, 8, 0
5, 9, 0
5, 10, 0
5, 11, 0
5, 12, 0
5, 13, 0
5, 14, 0
5, 15, 0
5, 16, 0
5, 17, 0
5, 18, 0
5, 19, 0
5, 20, 0
5, 21, 0
5, 22, 0
5, 23, 0
5, 24, 0
5, 25, 0
5, 26, 0
5, 27, 0
5, 28, 0
5, 29, 0
5, 30, 0
5, 31, 0
5, 32, 0
5, 33, 0
5, 34, 0
5, 35, 0
5, 36, 0
5, 37, 0
5, 38, 0
5, 39, 0
5, 40, 0
6, 1, 0
6, 2, 0
6, 3, 0
6, 4, 0
6, 5, 0
6, 6, 0
6, 7, 0
6, 8, 0
6, 9, 0
6, 10, 0
6, 11, 0
6, 12, 0
6, 13, 0
6, 14, 0
6, 15, 0
6, 16, 0
6, 17, 0
6, 18, 0
6, 19, 0
6, 20, 0
6, 21, 0
6, 22, 0
6, 23, 0
6, 24, 0
6, 25, 0
6, 26, 0
6, 27, 0
6, 28, 0
6, 29, 0
6, 30, 0
6, 31, 0
6, 32, 0
6, 33, 0
6, 34, 0
6, 35, 0
6, 36, 0
6, 37, 0
6, 38, 0
6, 39, 0
6, 40, 0
7, 1, 0
7, 2, 0
7, 3, 0
7, 4, 0
7, 5, 0
7, 6, 0
7, 7, 0
7, 8, 0
7, 9, 0
7, 10, 0
7, 11, 0
7, 12, 0
7, 13, 0
7, 14, 0
7, 15, 0
7, 16, 0
7, 17, 0
7, 18, 0
7, 19, 0
7, 20, 0
7, 21, 0
7, 22, 0
7, 23, 0
7, 24, 0
7, 25, 0
7, 26, 0
7, 27, 0
7, 28, 0
7, 29, 0
7, 30, 0
7, 31, 0
7, 32, 0
7, 33, 0
7, 34, 0
7, 35, 0
7, 36, 0
7, 37, 0
7, 38, 0
7, 39, 0
7, 40, 0
8, 1, 0
8, 2, 0
8, 3, 0
8, 4, 0
8, 5, 0
8, 6, 0
8, 7, 0
8, 8, 0
8, 9, 0
8, 10, 0
8, 11, 0
8, 12, 0
8, 13, 0
8, 14, 0
8, 15, 0
8, 16, 1.4891264585432846
8, 17, 1.4408610553704142
8, 18, 1.178986542089377
8, 19, 0.6626941600511635
8, 20, -0.0032024275096266264
8, 21, -0.6688629672975904
8, 22, -1.1844559617594885
8, 23, -1.4406143068681738
8, 24, -1.4782350888037843
8, 25, 0
8, 26, 0
8, 27, 0
8, 28, 0
8, 29, 0
8, 30, 0
8, 31, 0
8, 32, 0
8, 33, 0
8, 34, 0
8, 35, 0
8, 36, 0
8, 37, 0
8, 38, 0
8, 39, 0
8, 40, 0
9, 1, 0
9, 2, 0
9, 3, 0
9, 4, 0
9, 5, 0
9, 6, 0
9, 7, 0
9, 8, 0
9, 9, 0
9, 10, 0
9, 11, 0
9, 12, 0
9, 13, 0
9, 14, 1.4606291280833255
9, 15, 1.387054412192561
9, 16, 1.2507046525713097
9, 17, 1.0836674577765997
9, 18, 0.8875587534883654
9, 19, 0.4911188499489341
9, 20, -0.0012010961109840401
9, 21, -0.4932121206225152
9, 22, -0.8895463060962828
9, 23, -1.082311085230788
9, 24, -1.2451727535948303
9, 25, -1.376553331898291
9, 26, -1.4462410269538029
9, 27, 0
9, 28, 0
9, 29, 0
9, 30, 0
9, 31, 0
9, 32, 0
9, 33, 0
9, 34, 0
9, 35, 0
9, 36, 0
9, 37, 0
9, 38, 0
9, 39, 0
9, 40, 0
10, 1, 0
10, 2, 0
10, 3, 0
10, 4, 0
10, 5, 0
10, 6, 0
10, 7, 0
10, 8, 0
10, 9, 0
10, 10, 0
10, 11, 0
10, 12, 0.14726472039663074
10, 13, 1.2638562776459252
10, 14, 1.0783812805156536
10, 15, 0.9144404402751639
10, 16, 0.7636936408566916
10, 17, 0.6217082150587736
10, 18, 0.49488609462240224
10, 19, 0.2787078194657384
10, 20, -0.00021457834547107535
10, 21, -0.278961061943916
10, 22, -0.49520774457594546
10, 23, -0.619979632453664
10, 24, -0.7595732811058993
10, 25, -0.9075839448896286
10, 26, -1.0685460328923344
10, 27, -1.251796691386759
10, 28, -0.18093061875811073
10, 29, 0
10, 30, 0
10, 31, 0
10, 32, 0
10, 33, 0
10, 34, 0
10, 35, 0
10, 36, 0
10, 37, 0
10, 38, 0
10, 39, 0
10, 40, 0
11, 1, 0
11, 2, 0
11, 3, 0
11, 4, 0
11, 5, 0
11, 6, 0
11, 7, 0
11, 8, 0
11, 9, 0
11, 10, 0
11, 11, 0.9975238906046795
11, 12, 1.0423242473443366
11, 13, 0.8505172252675276
11, 14, 0.6605568130528308
11, 15, 0.47993470733541566
11, 16, 0.31323147542722535
11, 17, 0.18224687661017436
11, 18, 0.10569009285435657
11, 19, 0.05268638146343817
11, 20, 0.00030521713313677937
11, 21, -0.05198636963782377
11, 22, -0.10500021247136287
11, 23, -0.1804415684288065
11, 24, -0.30996402707322734
11, 25, -0.4749957441422905
11, 26, -0.6538903849047903
11, 27, -0.8423240539130297
11, 28, -1.0329202134945503
11, 29, -0.9899479509230198
11, 30, 0
11, 31, 0
11, 32, 0
11, 33, 0
11, 34, 0
11, 35, 0
11, 36, 0
11, 37, 0
11, 38, 0
11, 39, 0
11, 40, 0
12, 1, 0
12, 2, 0
12, 3, 0
12, 4, 0
12, 5, 0
12, 6, 0
12, 7, 0
12, 8, 0
12, 9, 0
12, 10, 0.10010634325687885
12, 11, 0.8704913491095356
12, 12, 0.6658869685110627
12, 13, 0.49349889060402286
12, 14, 0.3180093905323728
12, 15, 0.12682813758413514
12, 16, -0.030294247434641507
12, 17, -0.15195308936436713
12, 18, -0.20615138685602574
12, 19, -0.15472018989430095
12, 20, 0.0004875947289153179
12, 21, 0.15571379527332377
12, 22, 0.20717730680435748
12, 23, 0.15364533519634924
12, 24, 0.03281764044039066
12, 25, -0.12331106505096753
12, 26, -0.3134952237005687
12, 27, -0.4882334576979622
12, 28, -0.6599518738944801
12, 29, -0.8612871204626663
12, 30, -0.12442616044116772
12, 31, 0
12, 32, 0
12, 33, 0
12, 34, 0
12, 35, 0
12, 36, 0
12, 37, 0
12, 38, 0
12, 39, 0
12, 40, 0
13, 1, 0
13, 2, 0
13, 3, 0
13, 4, 0
13, 5, 0
13, 6, 0
13, 7, 0
13, 8, 0
13, 9, 0
13, 10, 0.7330487674029498
13, 11, 0.5824032110758052
13, 12, 0.40999290932502874
13, 13, 0.21301855378901338
13, 14, 0.07002669098552852
13, 15, -0.08231448959942954
13, 16, -0.23162129800541026
13, 17, -0.336999829379249
13, 18, -0.3756653346706162
13, 19, -0.2700137884711669
13, 20, 0.0004915307309350803
13, 21, 0.27099736568951205
13, 22, 0.37673499727839566
13, 23, 0.33841365921583194
13, 24, 0.23347564535903628
13, 25, 0.08477710295463319
13, 26, -0.06710051431344582
13, 27, -0.20972024462324265
13, 28, -0.40521287340187445
13, 29, -0.5752668836028331
13, 30, -0.7235249481275312
13, 31, 0
13, 32, 0
13, 33, 0
13, 34, 0
13, 35, 0
13, 36, 0
13, 37, 0
13, 38, 0
13, 39, 0
13, 40, 0
14, 1, 0
14, 2, 0
14, 3, 0
14, 4, 0
14, 5, 0
14, 6, 0
14, 7, 0
14, 8, 0
14, 9, 0.5869362850738149
14, 10, 0.49649643643784847
14, 11, 0.3620433569994252
14, 12, 0.22374685922336907
14, 13, 0.07780024758493896
14, 14, -0.07664501511258645
14, 15, -0.18422510270533926
14, 16, -0.29504072648171575
14, 17, -0.38204278286839577
14, 18, -0.39765379859733524
14, 19, -0.27356510525513156
14, 20, 0.00044036429324631043
14, 21, 0.2744490717161124
14, 22, 0.39861899992509753
14, 23, 0.38318065372689103
14, 24, 0.2964242591003454
14, 25, 0.18586391489018522
14, 26, 0.07843875351834796
14, 27, -0.07537324842373258
14, 28, -0.2205240140082794
14, 29, -0.3579527060909148
14, 30, -0.4914501239138641
14, 31, -0.5825273417549877
14, 32, 0
14, 33, 0
14, 34, 0
14, 35, 0
14, 36, 0
14, 37, 0
14, 38, 0
14, 39, 0
14, 40, 0
15, 1, 0
15, 2, 0
15, 3, 0
15, 4, 0
15, 5, 0
15, 6, 0
15, 7, 0
15, 8, 0
15, 9, 0.42992695758395183
15, 10, 0.315856079917224
15, 11, 0.1982389776266621
15, 12, 0.08427381807019861
15, 13, -0.012811177221320087
15, 14, -0.10718049046469957
15, 15, -0.19393493699162556
15, 16, -0.2700404616501927
15, 17, -0.3298746401600279
15, 18, -0.31893846899818695
15, 19, -0.20026695682136128
15, 20, 0.00037339013106284176
15, 21, 0.201042908036609
15, 22, 0.3197566039359163
15, 23, 0.33078022894049786
15, 24, 0.27105822308743655
15, 25, 0.19507076598171352
15, 26, 0.10844196956743023
15, 27, 0.014240485326711476
15, 28, -0.08278036504183199
15, 29, -0.19681352090959747
15, 30, -0.31515551954162313
15, 31, -0.43135977128769504
15, 32, 0
15, 33, 0
15, 34, 0
15, 35, 0
15, 36, 0
15, 37, 0
15, 38, 0
15, 39, 0
15, 40, 0
16, 1, 0
16, 2, 0
16, 3, 0
16, 4, 0
16, 5, 0
16, 6, 0
16, 7, 0
16, 8, 0.345745945603402
16, 9, 0.28303462117984063
16, 10, 0.1760298381441075
16, 11, 0.0785315522748527
16, 12, -0.005266326574559711
16, 13, -0.07429787914857515
16, 14, -0.128968730182423
16, 15, -0.17988993023692912
16, 16, -0.2189472712533976
16, 17, -0.2371579286486023
16, 18, -0.20951428651465012
16, 19, -0.12579194567367113
16, 20, 0.0003254361032929245
16, 21, 0.12645649709595483
16, 22, 0.2101880333652759
16, 23, 0.23785325351429937
16, 24, 0.21965353876082
16, 25, 0.18063597762913836
16, 26, 0.12966202645673347
16, 27, 0.0748780182048254
16, 28, 0.005548883880878618
16, 29, -0.07895285338529244
16, 30, -0.17791830861362043
16, 31, -0.28842175086850314
16, 32, -0.35829104611860424
16, 33, 0
16, 34, 0
16, 35, 0
16, 36, 0
16, 37, 0
16, 38, 0
16, 39, 0
16, 40, 0
17, 1, 0
17, 2, 0
17, 3, 0
17, 4, 0
17, 5, 0
17, 6, 0
17, 7, 0
17, 8, 0.2460338809683725
17, 9, 0.15477560451751318
17, 10, 0.06723074008203588
17, 11, -0.006724418867193802
17, 12, -0.06480667646423705
17, 13, -0.10770695292539487
17, 14, -0.1370951452947356
17, 15, -0.15843589810817246
17, 16, -0.16629751446034433
17, 17, -0.15976422120887057
17, 18, -0.13047435798350948
17, 19, -0.07456122936234479
17, 20, 0.00028802686554489274
17, 21, 0.07513654588642145
17, 22, 0.1310387144852619
17, 23, 0.1603097638329145
17, 24, 0.16680419624797332
17, 25, 0.15888489186084367
17, 26, 0.13741583033855304
17, 27, 0.10776330687922675
17, 28, 0.06436867917455244
17, 29, 0.005275703803938391
17, 30, -0.0704026467053459
17, 31, -0.16145049500726844
17, 32, -0.25968454964253507
17, 33, 0
17, 34, 0
17, 35, 0
17, 36, 0
17, 37, 0
17, 38, 0
17, 39, 0
17, 40, 0
18, 1, 0
18, 2, 0
18, 3, 0
18, 4, 0
18, 5, 0
18, 6, 0
18, 7, 0
18, 8, 0.12338292307527647
18, 9, 0.046846018219716117
18, 10, -0.017891056405356928
18, 11, -0.06968126727612817
18, 12, -0.10647850293403893
18, 13, -0.12993861989999905
18, 14, -0.14030418031783812
18, 15, -0.14187840174784067
18, 16, -0.13362799315048451
18, 17, -0.11583944854581195
18, 18, -0.08726306869665809
18, 19, -0.04733375296279174
18, 20, 0.0002591788810938334
18, 21, 0.04784614647093839
18, 22, 0.0877528207285584
18, 23, 0.11628768850294213
18, 24, 0.1340078672550338
18, 25, 0.14214090776353128
18, 26, 0.14036933741820634
18, 27, 0.12967673868635554
18, 28, 0.10565808643377456
18, 29, 0.06792034809572506
18, 30, 0.014494339233257197
18, 31, -0.05324322831732363
18, 32, -0.13465462212215715
18, 33, 0
18, 34, 0
18, 35, 0
18, 36, 0
18, 37, 0
18, 38, 0
18, 39, 0
18, 40, 0
19, 1, 0
19, 2, 0
19, 3, 0
19, 4, 0
19, 5, 0
19, 6, 0
19, 7, 0
19, 8, 0.009449087831980603
19, 9, -0.04143075534995265
19, 10, -0.08526678249494579
19, 11, -0.11825726215748544
19, 12, -0.13861295680546415
19, 13, -0.14677108011030118
19, 14, -0.14386516155464446
19, 15, -0.13293741988899277
19, 16, -0.11540727948877655
19, 17, -0.09298454738302325
19, 18, -0.06585245041164332
19, 19, -0.03424566560605232
19, 20, 0.00023842302665998247
19, 21, 0.03471547696841454
19, 22, 0.06629613576249115
19, 23, 0.0933781064182155
19, 24, 0.11571678056058121
19, 25, 0.13310951457422993
19, 26, 0.1438059283641687
19, 27, 0.14637865114402765
19, 28, 0.13768998773433688
19, 29, 0.11654774113850663
19, 30, 0.082445834026768
19, 31, 0.03717431602758478
19, 32, -0.0150398301166784
19, 33, 0
19, 34, 0
19, 35, 0
19, 36, 0
19, 37, 0
19, 38, 0
19, 39, 0
19, 40, 0
20, 1, 0
20, 2, 0
20, 3, 0
20, 4, 0
20, 5, 0
20, 6, 0
20, 7, 0
20, 8, -0.0799877195315409
20, 9, -0.11336767606084108
20, 10, -0.1407454162952261
20, 11, -0.15830801519098406
20, 12, -0.1650418055868662
20, 13, -0.1613711790329127
20, 14, -0.14945939496913518
20, 15, -0.12690828213445884
20, 16, -0.10761995727548987
20, 17, -0.08320723377200132
20, 18, -0.05596142028539771
20, 19, -0.059619040040478646
20, 20, 0.00022446368385897162
20, 21, 0.028797121751478746
20, 22, 0.056727725984685916
20, 23, 0.08300903375589835
20, 24, 0.10805964465475983
20, 25, 0.13048095772893692
20, 26, 0.14935547696712637
20, 27, 0.16094820052562236
20, 28, 0.16410499468245582
20, 29, 0.15664359109134396
20, 30, 0.1381208429924085
20, 31, 0.10966037272724105
20, 32, 0.07590894406628884
20, 33, 0
20, 34, 0
20, 35, 0
20, 36, 0
20, 37, 0
20, 38, 0
20, 39, 0
20, 40, 0
21, 1, 0
21, 2, 0
21, 3, 0
21, 4, 0
21, 5, 0
21, 6, 0
21, 7, 0
21, 8, -0.15671281952594604
21, 9, -0.17535790360223846
21, 10, -0.1883799030647988
21, 11, -0.19311683940248758
21, 12, -0.1886647678109361
21, 13, -0.17584412897306237
21, 14, -0.15756567899422277
21, 15, -0.13302317800104352
21, 16, -0.10671108619956374
21, 17, -0.07981749096685942
21, 18, -0.05296659354657792
21, 19, -0.026301759302533888
21, 20, 0.0002450376404723073
21, 21, 0.026785577494999963
21, 22, 0.05342554679663168
21, 23, 0.08022814923541177
21, 24, 0.1070394732977647
21, 25, 0.13321547137025413
21, 26, 0.15752909282810146
21, 27, 0.17547724798818765
21, 28, 0.1877620165003017
21, 29, 0.19141550511204447
21, 30, 0.1855678462628702
21, 31, 0.1710886577598205
21, 32, 0.15154556176389397
21, 33, 0
21, 34, 0
21, 35, 0
21, 36, 0
21, 37, 0
21, 38, 0
21, 39, 0
21, 40, 0
22, 1, 0
22, 2, 0
22, 3, 0
22, 4, 0
22, 5, 0
22, 6, 0
22, 7, 0
22, 8, -0.21984654415451962
22, 9, -0.23046530072271362
22, 10, -0.23183747669896232
22, 11, -0.2254349357518603
22, 12, -0.21152411118482078
22, 13, -0.19137330397102012
22, 14, -0.16802581635122568
22, 15, -0.1394721448305328
22, 16, -0.11024673078783939
22, 17, -0.081478575104939
22, 18, -0.05351629235294497
22, 19, -0.026376398124193574
22, 20, 0.0002727011424739494
22, 21, 0.02691846242570277
22, 22, 0.054041931330345114
22, 23, 0.08197031260448245
22, 24, 0.11067437530667516
22, 25, 0.13978411946673974
22, 26, 0.1681377124910169
22, 27, 0.19116850448087924
22, 28, 0.21077421951743341
22, 29, 0.22374909201710694
22, 30, 0.22855477006730684
22, 31, 0.22423535717808743
22, 32, 0.20898113817596897
22, 33, 0
22, 34, 0
22, 35, 0
22, 36, 0
22, 37, 0
22, 38, 0
22, 39, 0
22, 40, 0
23, 1, 0
23, 2, 0
23, 3, 0
23, 4, 0
23, 5, 0
23, 6, 0
23, 7, 0
23, 8, -0.283579826532803
23, 9, -0.2850514009198537
23, 10, -0.2737667836812707
23, 11, -0.2571593118142096
23, 12, -0.2346997109317081
23, 13, -0.20831550349549666
23, 14, -0.18030058286925973
23, 15, -0.14891044391221114
23, 16, -0.11672819714941
23, 17, -0.08586598411619509
23, 18, -0.056223791920798925
23, 19, -0.02764632757405383
23, 20, 0.00031206940719684774
23, 21, 0.02827261558311452
23, 22, 0.056850025106971576
23, 23, 0.086485861051946
23, 24, 0.1173191559683061
23, 25, 0.1494392783506252
23, 26, 0.18069122875456733
23, 27, 0.20843768029283588
23, 28, 0.23432499025829395
23, 29, 0.2557519156561299
23, 30, 0.27057863209519956
23, 31, 0.2783453683201778
23, 32, 0.2693988516369774
23, 33, 0
23, 34, 0
23, 35, 0
23, 36, 0
23, 37, 0
23, 38, 0
23, 39, 0
23, 40, 0
24, 1, 0
24, 2, 0
24, 3, 0
24, 4, 0
24, 5, 0
24, 6, 0
24, 7, 0
24, 8, -0.3209689460530658
24, 9, -0.3435802815966671
24, 10, -0.316217043495427
24, 11, -0.28863341160123657
24, 12, -0.2585160557387379
24, 13, -0.2262950638435891
24, 14, -0.1936909525572474
24, 15, -0.16030532716013574
24, 16, -0.12546217370380106
24, 17, -0.09212392434919607
24, 18, -0.06029049595975931
24, 19, -0.029643898236168545
24, 20, 0.0003620150544630799
24, 21, 0.03037922857532021
24, 22, 0.06105135804023581
24, 23, 0.09292199722914919
24, 24, 0.12630001166797733
24, 25, 0.16118106460140508
24, 26, 0.1944910219958168
24, 27, 0.22696660282813846
24, 28, 0.25887242219324536
24, 29, 0.28825442308866805
24, 30, 0.31418212335110934
24, 31, 0.33777557940484293
24, 32, 0.3059251171549583
24, 33, 0
24, 34, 0
24, 35, 0
24, 36, 0
24, 37, 0
24, 38, 0
24, 39, 0
24, 40, 0
25, 1, 0
25, 2, 0
25, 3, 0
25, 4, 0
25, 5, 0
25, 6, 0
25, 7, 0
25, 8, 0
25, 9, -0.4107914706912238
25, 10, -0.36138838446978266
25, 11, -0.3204514068210839
25, 12, -0.28301933923786304
25, 13, -0.24550289234610329
25, 14, -0.2081194036819788
25, 15, -0.17224294461575557
25, 16, -0.13787207218183756
25, 17, -0.10082558240829816
25, 18, -0.0656067396385728
25, 19, -0.032160773209533
25, 20, 0.0004129251983980966
25, 21, 0.03301249058536274
25, 22, 0.06652868844412732
25, 23, 0.1018610660786617
25, 24, 0.13905392872157335
25, 25, 0.17356414313894203
25, 26, 0.20952333233946896
25, 27, 0.24699943590966789
25, 28, 0.28456133942152795
25, 29, 0.32180521488665603
25, 30, 0.3618313753225055
25, 31, 0.40861028291709095
25, 32, 0
25, 33, 0
25, 34, 0
25, 35, 0
25, 36, 0
25, 37, 0
25, 38, 0
25, 39, 0
25, 40, 0
26, 1, 0
26, 2, 0
26, 3, 0
26, 4, 0
26, 5, 0
26, 6, 0
26, 7, 0
26, 8, 0
26, 9, -0.4504967230743262
26, 10, -0.40989725706216
26, 11, -0.35350178825332973
26, 12, -0.30737141567229276
26, 13, -0.2632419527816452
26, 14, -0.2160097489869773
26, 15, -0.18453066036416071
26, 16, -0.14766963614235176
26, 17, -0.11027910976531959
26, 18, -0.07313569917130916
26, 19, -0.03623757310273693
26, 20, 0.0004510178162972934
26, 21, 0.037188990272063814
26, 22, 0.07423219820215575
26, 23, 0.1115989736454271
26, 24, 0.14926362676757599
26, 25, 0.18637178591729814
26, 26, 0.21803749241737783
26, 27, 0.2657426575062313
26, 28, 0.3104999158775241
26, 29, 0.35737169330964247
26, 30, 0.4149495886666852
26, 31, 0.4543906566255265
26, 32, 0
26, 33, 0
26, 34, 0
26, 35, 0
26, 36, 0
26, 37, 0
26, 38, 0
26, 39, 0
26, 40, 0
27, 1, 0
27, 2, 0
27, 3, 0
27, 4, 0
27, 5, 0
27, 6, 0
27, 7, 0
27, 8, 0
27, 9, 0
27, 10, -0.4519879315552291
27, 11, -0.3872454104688147
27, 12, -0.3305204895728179
27, 13, -0.279023070761982
27, 14, -0.24008956277948323
27, 15, -0.19970671612616453
27, 16, -0.1579379991382539
27, 17, -0.11723918584274248
27, 18, -0.07730033487029837
27, 19, -0.03815831461559038
27, 20, 0.00045251795596003633
27, 21, 0.039144468166247906
27, 22, 0.07852869202150874
27, 23, 0.11883980497344429
27, 24, 0.1599981742117189
27, 25, 0.20228015376401132
27, 26, 0.24312372034530239
27, 27, 0.2825938142633741
27, 28, 0.33533849980883096
27, 29, 0.39421921158126727
27, 30, 0.46149576690760885
27, 31, 0
27, 32, 0
27, 33, 0
27, 34, 0
27, 35, 0
27, 36, 0
27, 37, 0
27, 38, 0
27, 39, 0
27, 40, 0
28, 1, 0
28, 2, 0
28, 3, 0
28, 4, 0
28, 5, 0
28, 6, 0
28, 7, 0
28, 8, 0
28, 9, 0
28, 10, -0.05034606746110157
28, 11, -0.4194374767991309
28, 12, -0.3558264699828389
28, 13, -0.30707123075157855
28, 14, -0.2621299599063051
28, 15, -0.21675654792506752
28, 16, -0.1718064270775028
28, 17, -0.12761833992545635
28, 18, -0.08431658538955542
28, 19, -0.04173090885073347
28, 20, 0.000375822292603311
28, 21, 0.04261893446887713
28, 22, 0.08561219256213104
28, 23, 0.12953396894752617
28, 24, 0.17450926022249066
28, 25, 0.22038309801350706
28, 26, 0.26653903524713357
28, 27, 0.3123595633748383
28, 28, 0.36209319065919277
28, 29, 0.4286532089060771
28, 30, 0.06522399416588581
28, 31, 0
28, 32, 0
28, 33, 0
28, 34, 0
28, 35, 0
28, 36, 0
28, 37, 0
28, 38, 0
28, 39, 0
28, 40, 0
29, 1, 0
29, 2, 0
29, 3, 0
29, 4, 0
29, 5, 0
29, 6, 0
29, 7, 0
29, 8, 0
29, 9, 0
29, 10, 0
29, 11, -0.3671774708815183
29, 12, -0.3888545666078481
29, 13, -0.33635546969281493
29, 14, -0.28628015618240854
29, 15, -0.23702599537278318
29, 16, -0.18840347895705745
29, 17, -0.14015766174711874
29, 18, -0.09230239221072409
29, 19, -0.04579292294141513
29, 20, 0.00014877010363782348
29, 21, 0.046311155654018527
29, 22, 0.09348457314553736
29, 23, 0.14241408975443667
29, 24, 0.19199210106634257
29, 25, 0.2421139182260298
29, 26, 0.29287466635865816
29, 27, 0.3441307401928087
29, 28, 0.3980661750123554
29, 29, 0.37577961635990736
29, 30, 0
29, 31, 0
29, 32, 0
29, 33, 0
29, 34, 0
29, 35, 0
29, 36, 0
29, 37, 0
29, 38, 0
29, 39, 0
29, 40, 0
30, 1, 0
30, 2, 0
30, 3, 0
30, 4, 0
30, 5, 0
30, 6, 0
30, 7, 0
30, 8, 0
30, 9, 0
30, 10, 0
30, 11, 0
30, 12, 0
30, 13, -0.3669803014485361
30, 14, -0.31828586130299436
30, 15, -0.26405695416338143
30, 16, -0.20922408590038383
30, 17, -0.1553180807672948
30, 18, -0.10184607427196271
30, 19, -0.050506401875538884
30, 20, -0.00038231471021974404
30, 21, 0.05009043606084223
30, 22, 0.10255110211636723
30, 23, 0.157917704912782
30, 24, 0.21402943013943554
30, 25, 0.27153159789311926
30, 26, 0.328667274987312
30, 27, 0.3794401861018334
30, 28, 0.05335857592337779
30, 29, 0
30, 30, 0
30, 31, 0
30, 32, 0
30, 33, 0
30, 34, 0
30, 35, 0
30, 36, 0
30, 37, 0
30, 38, 0
30, 39, 0
30, 40, 0
31, 1, 0
31, 2, 0
31, 3, 0
31, 4, 0
31, 5, 0
31, 6, 0
31, 7, 0
31, 8, 0
31, 9, 0
31, 10, 0
31, 11, 0
31, 12, 0
31, 13, 0
31, 14, -0.3405986732146797
31, 15, -0.30441380492981857
31, 16, -0.23891569680833613
31, 17, -0.17502453625074266
31, 18, -0.1131883665932595
31, 19, -0.05586346717277661
31, 20, -0.00148615678096373
31, 21, 0.05340983099553427
31, 22, 0.11247480597172682
31, 23, 0.17768733595815023
31, 24, 0.24589587472730765
31, 25, 0.31695312167506345
31, 26, 0.3580692987141577
31, 27, 0
31, 28, 0
31, 29, 0
31, 30, 0
31, 31, 0
31, 32, 0
31, 33, 0
31, 34, 0
31, 35, 0
31, 36, 0
31, 37, 0
31, 38, 0
31, 39, 0
31, 40, 0
32, 1, 0
32, 2, 0
32, 3, 0
32, 4, 0
32, 5, 0
32, 6, 0
32, 7, 0
32, 8, 0
32, 9, 0
32, 10, 0
32, 11, 0
32, 12, 0
32, 13, 0
32, 14, 0
32, 15, 0
32, 16, -0.2534388900157306
32, 17, -0.1969847112755497
32, 18, -0.12568402813488005
32, 19, -0.060667013458662634
32, 20, -0.0037729166968784936
32, 21, 0.053669315305579196
32, 22, 0.1208509382915807
32, 23, 0.19887959981092113
32, 24, 0.2666605739532184
32, 25, 0
32, 26, 0
32, 27, 0
32, 28, 0
32, 29, 0
32, 30, 0
32, 31, 0
32, 32, 0
32, 33, 0
32, 34, 0
32, 35, 0
32, 36, 0
32, 37, 0
32, 38, 0
32, 39, 0
32, 40, 0
33, 1, 0
33, 2, 0
33, 3, 0
33, 4, 0
33, 5, 0
33, 6, 0
33, 7, 0
33, 8, 0
33, 9, 0
33, 10, 0
33, 11, 0
33, 12, 0
33, 13, 0
33, 14, 0
33, 15, 0
33, 16, 0
33, 17, 0
33, 18, 0
33, 19, 0
33, 20, 0
33, 21, 0
33, 22, 0
33, 23, 0
33, 24, 0
33, 25, 0
33, 26, 0
33, 27, 0
33, 28, 0
33, 29, 0
33, 30, 0
33, 31, 0
33, 32, 0
33, 33, 0
33, 34, 0
33, 35, 0
33, 36, 0
33, 37, 0
33, 38, 0
33, 39, 0
33, 40, 0
34, 1, 0
34, 2, 0
34, 3, 0
34, 4, 0
34, 5, 0
34, 6, 0
34, 7, 0
34, 8, 0
34, 9, 0
34, 10, 0
34, 11, 0
34, 12, 0
34, 13, 0
34, 14, 0
34, 15, 0
34, 16, 0
34, 17, 0
34, 18, 0
34, 19, 0
34, 20, 0
34, 21, 0
34, 22, 0
34, 23, 0
34, 24, 0
34, 25, 0
34, 26, 0
34, 27, 0
34, 28, 0
34, 29, 0
34, 30, 0
34, 31, 0
34, 32, 0
34, 33, 0
34, 34, 0
34, 35, 0
34, 36, 0
34, 37, 0
34, 38, 0
34, 39, 0
34, 40, 0
35, 1, 0
35, 2, 0
35, 3, 0
35, 4, 0
35, 5, 0
35, 6, 0
35, 7, 0
35, 8, 0
35, 9, 0
35, 10, 0
35, 11, 0
35, 12, 0
35, 13, 0
35, 14, 0
35, 15, 0
35, 16, 0
35, 17, 0
35, 18, 0
35, 19, 0
35, 20, 0
35, 21, 0
35, 22, 0
35, 23, 0
35, 24, 0
35, 25, 0
35, 26, 0
35, 27, 0
35, 28, 0
35, 29, 0
35, 30, 0
35, 31, 0
35, 32, 0
35, 33, 0
35, 34, 0
35, 35, 0
35, 36, 0
35, 37, 0
35, 38, 0
35, 39, 0
35, 40, 0
36, 1, 0
36, 2, 0
36, 3, 0
36, 4, 0
36, 5, 0
36, 6, 0
36, 7, 0
36, 8, 0
36, 9, 0
36, 10, 0
36, 11, 0
36, 12, 0
36, 13, 0
36, 14, 0
36, 15, 0
36, 16, 0
36, 17, 0
36, 18, 0
36, 19, 0
36, 20, 0
36, 21, 0
36, 22, 0
36, 23, 0
36, 24, 0
36, 25, 0
36, 26, 0
36, 27, 0
36, 28, 0
36, 29, 0
36, 30, 0
36, 31, 0
36, 32, 0
36, 33, 0
36, 34, 0
36, 35, 0
36, 36, 0
36, 37, 0
36, 38, 0
36, 39, 0
36, 40, 0
37, 1, 0
37, 2, 0
37, 3, 0
37, 4, 0
37, 5, 0
37, 6, 0
37, 7, 0
37, 8, 0
37, 9, 0
37, 10, 0
37, 11, 0
37, 12, 0
37, 13, 0
37, 14, 0
37, 15, 0
37, 16, 0
37, 17, 0
37, 18, 0
37, 19, 0
37, 20, 0
37, 21, 0
37, 22, 0
37, 23, 0
37, 24, 0
37, 25, 0
37, 26, 0
37, 27, 0
37, 28, 0
37, 29, 0
37, 30, 0
37, 31, 0
37, 32, 0
37, 33, 0
37, 34, 0
37, 35, 0
37, 36, 0
37, 37, 0
37, 38, 0
37, 39, 0
37, 40, 0
38, 1, 0
38, 2, 0
38, 3, 0
38, 4, 0
38, 5, 0
38, 6, 0
38, 7, 0
38, 8, 0
38, 9, 0
38, 10, 0
38, 11, 0
38, 12, 0
38, 13, 0
38, 14, 0
38, 15, 0
38, 16, 0
38, 17, 0
38, 18, 0
38, 19, 0
38, 20, 0
38, 21, 0
38, 22, 0
38, 23, 0
38, 24, 0
38, 25, 0
38, 26, 0
38, 27, 0
38, 28, 0
38, 29, 0
38, 30, 0
38, 31, 0
38, 32, 0
38, 33, 0
38, 34, 0
38, 35, 0
38, 36, 0
38, 37, 0
38, 38, 0
38, 39, 0
38, 40, 0
39, 1, 0
39, 2, 0
39, 3, 0
39, 4, 0
39, 5, 0
39, 6, 0
39, 7, 0
39, 8, 0
39, 9, 0
39, 10, 0
39, 11, 0
39, 12, 0
39, 13, 0
39, 14, 0
39, 15, 0
39, 16, 0
39, 17, 0
39, 18, 0
39, 19, 0
39, 20, 0
39, 21, 0
39, 22, 0
39, 23, 0
39, 24, 0
39, 25, 0
39, 26, 0
39, 27, 0
39, 28, 0
39, 29, 0
39, 30, 0
39, 31, 0
39, 32, 0
39, 33, 0
39, 34, 0
39, 35, 0
39, 36, 0
39, 37, 0
39, 38, 0
39, 39, 0
39, 40, 0
40, 1, 0
40, 2, 0
40, 3, 0
40, 4, 0
40, 5, 0
40, 6, 0
40, 7, 0
40, 8, 0
40, 9, 0
40, 10, 0
40, 11, 0
40, 12, 0
40, 13, 0
40, 14, 0
40, 15, 0
40, 16, 0
40, 17, 0
40, 18, 0
40, 19, 0
40, 20, 0
40, 21, 0
40, 22, 0
40, 23, 0
40, 24, 0
40, 25, 0
40, 26, 0
40, 27, 0
40, 28, 0
40, 29, 0
40, 30, 0
40, 31, 0
40, 32, 0
40, 33, 0
40, 34, 0
40, 35, 0
40, 36, 0
40, 37, 0
40, 38, 0
40, 39, 0
40, 40, 0
