1, 1, 0
1, 2, 0
1, 3, 0
1, 4, 0
1, 5, 0
1, 6, 0
1, 7, 0
1, 8, 0
1, 9, 0
1, 10, 0
1, 11, 0
1, 12, 0
1, 13, 0
1, 14, 0
1, 15, 0
1, 16, 0
1, 17, 0
1, 18, 0
1, 19, 0
1, 20, 0
1, 21, 0
1, 22, 0
1, 23, 0
1, 24, 0
1, 25, 0
1, 26, 0
1, 27, 0
1, 28, 0
1, 29, 0
1, 30, 0
1, 31, 0
1, 32, 0
1, 33, 0
1, 34, 0
1, 35, 0
1, 36, 0
1, 37, 0
1, 38, 0
1, 39, 0
1, 40, 0
1, 41, 0
1, 42, 0
1, 43, 0
1, 44, 0
1, 45, 0
1, 46, 0
1, 47, 0
1, 48, 0
1, 49, 0
1, 50, 0
1, 51, 0
1, 52, 0
1, 53, 0
1, 54, 0
1, 55, 0
1, 56, 0
1, 57, 0
1, 58, 0
1, 59, 0
1, 60, 0
1, 61, 0
1, 62, 0
1, 63, 0
1, 64, 0
1, 65, 0
1, 66, 0
1, 67, 0
1, 68, 0
1, 69, 0
1, 70, 0
1, 71, 0
1, 72, 0
1, 73, 0
1, 74, 0
1, 75, 0
1, 76, 0
1, 77, 0
1, 78, 0
1, 79, 0
1, 80, 0
2, 1, 0
2, 2, 0
2, 3, 0
2, 4, 0
2, 5, 0
2, 6, 0
2, 7, 0
2, 8, 0
2, 9, 0
2, 10, 0
2, 11, 0
2, 12, 0
2, 13, 0
2, 14, 0
2, 15, 0
2, 16, 0
2, 17, 0
2, 18, 0
2, 19, 0
2, 20, 0
2, 21, 0
2, 22, 0
2, 23, 0
2, 24, 0
2, 25, 0
2, 26, 0
2, 27, 0
2, 28, 0
2, 29, 0
2, 30, 0
2, 31, 0
2, 32, 0
2, 33, 0
2, 34, 0
2, 35, 0
2, 36, 0
2, 37, 0
2, 38, 0
2, 39, 0
2, 40, 0
2, 41, 0
2, 42, 0
2, 43, 0
2, 44, 0
2, 45, 0
2, 46, 0
2, 47, 0
2, 48, 0
2, 49, 0
2, 50, 0
2, 51, 0
2, 52, 0
2, 53, 0
2, 54, 0
2, 55, 0
2, 56, 0
2, 57, 0
2, 58, 0
2, 59, 0
2, 60, 0
2, 61, 0
2, 62, 0
2, 63, 0
2, 64, 0
2, 65, 0
2, 66, 0
2, 67, 0
2, 68, 0
2, 69, 0
2, 70, 0
2, 71, 0
2, 72, 0
2, 73, 0
2, 74, 0
2, 75, 0
2, 76, 0
2, 77, 0
2, 78, 0
2, 79, 0
2, 80, 0
3, 1, 0
3, 2, 0
3, 3, 0
3, 4, 0
3, 5, 0
3, 6, 0
3, 7, 0
3, 8, 0
3, 9, 0
3, 10, 0
3, 11, 0
3, 12, 0
3, 13, 0
3, 14, 0
3, 15, 0
3, 16, 0
3, 17, 0
3, 18, 0
3, 19, 0
3, 20, 0
3, 21, 0
3, 22, 0
3, 23, 0
3, 24, 0
3, 25, 0
3, 26, 0
3, 27, 0
3, 28, 0
3, 29, 0
3, 30, 0
3, 31, 0
3, 32, 0
3, 33, 0
3, 34, 0
3, 35, 0
3, 36, 0
3, 37, 0
3, 38, 0
3, 39, 0
3, 40, 0
3, 41, 0
3, 42, 0
3, 43, 0
3, 44, 0
3, 45, 0
3, 46, 0
3, 47, 0
3, 48, 0
3, 49, 0
3, 50, 0
3, 51, 0
3, 52, 0
3, 53, 0
3, 54, 0
3, 55, 0
3, 56, 0
3, 57, 0
3, 58, 0
3, 59, 0
3, 60, 0
3, 61, 0
3, 62, 0
3, 63, 0
3, 64, 0
3, 65, 0
3, 66, 0
3, 67, 0
3, 68, 0
3, 69, 0
3, 70, 0
3, 71, 0
3, 72, 0
3, 73, 0
3, 74, 0
3, 75, 0
3, 76, 0
3, 77, 0
3, 78, 0
3, 79, 0
3, 80, 0
4, 1, 0
4, 2, 0
4, 3, 0
4, 4, 0
4, 5, 0
4, 6, 0
4, 7, 0
4, 8, 0
4, 9, 0
4, 10, 0
4, 11, 0
4, 12, 0
4, 13, 0
4, 14, 0
4, 15, 0
4, 16, 0
4, 17, 0
4, 18, 0
4, 19, 0
4, 20, 0
4, 21, 0
4, 22, 0
4, 23, 0
4, 24, 0
4, 25, 0
4, 26, 0
4, 27, 0
4, 28, 0
4, 29, 0
4, 30, 0
4, 31, 0
4, 32, 0
4, 33, 0
4, 34, 0
4, 35, 0
4, 36, 0
4, 37, 0
4, 38, 0
4, 39, 0
4, 40, 0
4, 41, 0
4, 42, 0
4, 43, 0
4, 44, 0
4, 45, 0
4, 46, 0
4, 47, 0
4, 48, 0
4, 49, 0
4, 50, 0
4, 51, 0
4, 52, 0
4, 53, 0
4, 54, 0
4, 55, 0
4, 56, 0
4, 57, 0
4, 58, 0
4, 59, 0
4, 60, 0
4, 61, 0
4, 62, 0
4, 63, 0
4, 64, 0
4, 65, 0
4, 66, 0
4, 67, 0
4, 68, 0
4, 69, 0
4, 70, 0
4, 71, 0
4, 72, 0
4, 73, 0
4, 74, 0
4, 75, 0
4, 76, 0
4, 77, 0
4, 78, 0
4, 79, 0
4, 80, 0
5, 1, 0
5, 2, 0
5, 3, 0
5, 4, 0
5, 5, 0
5, 6, 0
5, 7, 0
5, 8, 0
5, 9, 0
5, 10, 0
5, 11, 0
5, 12, 0
5, 13, 0
5, 14, 0
5, 15, 0
5, 16, 0
5, 17, 0
5, 18, 0
5, 19, 0
5, 20, 0
5, 21, 0
5, 22, 0
5, 23, 0
5, 24, 0
5, 25, 0
5, 26, 0
5, 27, 0
5, 28, 0
5, 29, 0
5, 30, 0
5, 31, 0
5, 32, 0
5, 33, 0
5, 34, 0
5, 35, 0
5, 36, 0
5, 37, 0
5, 38, 0
5, 39, 0
5, 40, 0
5, 41, 0
5, 42, 0
5, 43, 0
5, 44, 0
5, 45, 0
5, 46, 0
5, 47, 0
5, 48, 0
5, 49, 0
5, 50, 0
5, 51, 0
5, 52, 0
5, 53, 0
5, 54, 0
5, 55, 0
5, 56, 0
5, 57, 0
5, 58, 0
5, 59, 0
5, 60, 0
5, 61, 0
5, 62, 0
5, 63, 0
5, 64, 0
5, 65, 0
5, 66, 0
5, 67, 0
5, 68, 0
5, 69, 0
5, 70, 0
5, 71, 0
5, 72, 0
5, 73, 0
5, 74, 0
5, 75, 0
5, 76, 0
5, 77, 0
5, 78, 0
5, 79, 0
5, 80, 0
6, 1, 0
6, 2, 0
6, 3, 0
6, 4, 0
6, 5, 0
6, 6, 0
6, 7, 0
6, 8, 0
6, 9, 0
6, 10, 0
6, 11, 0
6, 12, 0
6, 13, 0
6, 14, 0
6, 15, 0
6, 16, 0
6, 17, 0
6, 18, 0
6, 19, 0
6, 20, 0
6, 21, 0
6, 22, 0
6, 23, 0
6, 24, 0
6, 25, 0
6, 26, 0
6, 27, 0
6, 28, 0
6, 29, 0
6, 30, 0
6, 31, 0
6, 32, 0
6, 33, 0
6, 34, 0
6, 35, 0
6, 36, 0
6, 37, 0
6, 38, 0
6, 39, 0
6, 40, 0
6, 41, 0
6, 42, 0
6, 43, 0
6, 44, 0
6, 45, 0
6, 46, 0
6, 47, 0
6, 48, 0
6, 49, 0
6, 50, 0
6, 51, 0
6, 52, 0
6, 53, 0
6, 54, 0
6, 55, 0
6, 56, 0
6, 57, 0
6, 58, 0
6, 59, 0
6, 60, 0
6, 61, 0
6, 62, 0
6, 63, 0
6, 64, 0
6, 65, 0
6, 66, 0
6, 67, 0
6, 68, 0
6, 69, 0
6, 70, 0
6, 71, 0
6, 72, 0
6, 73, 0
6, 74, 0
6, 75, 0
6, 76, 0
6, 77, 0
6, 78, 0
6, 79, 0
6, 80, 0
7, 1, 0
7, 2, 0
7, 3, 0
7, 4, 0
7, 5, 0
7, 6, 0
7, 7, 0
7, 8, 0
7, 9, 0
7, 10, 0
7, 11, 0
7, 12, 0
7, 13, 0
7, 14, 0
7, 15, 0
7, 16, 0
7, 17, 0
7, 18, 0
7, 19, 0
7, 20, 0
7, 21, 0
7, 22, 0
7, 23, 0
7, 24, 0
7, 25, 0
7, 26, 0
7, 27, 0
7, 28, 0
7, 29, 0
7, 30, 0
7, 31, 0
7, 32, 0
7, 33, 0
7, 34, 0
7, 35, 0
7, 36, 0
7, 37, 0
7, 38, 0
7, 39, 0
7, 40, 0
7, 41, 0
7, 42, 0
7, 43, 0
7, 44, 0
7, 45, 0
7, 46, 0
7, 47, 0
7, 48, 0
7, 49, 0
7, 50, 0
7, 51, 0
7, 52, 0
7, 53, 0
7, 54, 0
7, 55, 0
7, 56, 0
7, 57, 0
7, 58, 0
7, 59, 0
7, 60, 0
7, 61, 0
7, 62, 0
7, 63, 0
7, 64, 0
7, 65, 0
7, 66, 0
7, 67, 0
7, 68, 0
7, 69, 0
7, 70, 0
7, 71, 0
7, 72, 0
7, 73, 0
7, 74, 0
7, 75, 0
7, 76, 0
7, 77, 0
7, 78, 0
7, 79, 0
7, 80, 0
8, 1, 0
8, 2, 0
8, 3, 0
8, 4, 0
8, 5, 0
8, 6, 0
8, 7, 0
8, 8, 0
8, 9, 0
8, 10, 0
8, 11, 0
8, 12, 0
8, 13, 0
8, 14, 0
8, 15, 0
8, 16, 0
8, 17, 0
8, 18, 0
8, 19, 0
8, 20, 0
8, 21, 0
8, 22, 0
8, 23, 0
8, 24, 0
8, 25, 0
8, 26, 0
8, 27, 0
8, 28, 0
8, 29, 0
8, 30, 0
8, 31, 0
8, 32, 0
8, 33, 0
8, 34, 0
8, 35, 0
8, 36, 0
8, 37, 0
8, 38, 0
8, 39, 0
8, 40, 0
8, 41, 0
8, 42, 0
8, 43, 0
8, 44, 0
8, 45, 0
8, 46, 0
8, 47, 0
8, 48, 0
8, 49, 0
8, 50, 0
8, 51, 0
8, 52, 0
8, 53, 0
8, 54, 0
8, 55, 0
8, 56, 0
8, 57, 0
8, 58, 0
8, 59, 0
8, 60, 0
8, 61, 0
8, 62, 0
8, 63, 0
8, 64, 0
8, 65, 0
8, 66, 0
8, 67, 0
8, 68, 0
8, 69, 0
8, 70, 0
8, 71, 0
8, 72, 0
8, 73, 0
8, 74, 0
8, 75, 0
8, 76, 0
8, 77, 0
8, 78, 0
8, 79, 0
8, 80, 0
9, 1, 0
9, 2, 0
9, 3, 0
9, 4, 0
9, 5, 0
9, 6, 0
9, 7, 0
9, 8, 0
9, 9, 0
9, 10, 0
9, 11, 0
9, 12, 0
9, 13, 0
9, 14, 0
9, 15, 0
9, 16, 0
9, 17, 0
9, 18, 0
9, 19, 0
9, 20, 0
9, 21, 0
9, 22, 0
9, 23, 0
9, 24, 0
9, 25, 0
9, 26, 0
9, 27, 0
9, 28, 0
9, 29, 0
9, 30, 0
9, 31, 0
9, 32, 0
9, 33, 0
9, 34, 0
9, 35, 0
9, 36, 0
9, 37, 0
9, 38, 0
9, 39, 0
9, 40, 0
9, 41, 0
9, 42, 0
9, 43, 0
9, 44, 0
9, 45, 0
9, 46, 0
9, 47, 0
9, 48, 0
9, 49, 0
9, 50, 0
9, 51, 0
9, 52, 0
9, 53, 0
9, 54, 0
9, 55, 0
9, 56, 0
9, 57, 0
9, 58, 0
9, 59, 0
9, 60, 0
9, 61, 0
9, 62, 0
9, 63, 0
9, 64, 0
9, 65, 0
9, 66, 0
9, 67, 0
9, 68, 0
9, 69, 0
9, 70, 0
9, 71, 0
9, 72, 0
9, 73, 0
9, 74, 0
9, 75, 0
9, 76, 0
9, 77, 0
9, 78, 0
9, 79, 0
9, 80, 0
10, 1, 0
10, 2, 0
10, 3, 0
10, 4, 0
10, 5, 0
10, 6, 0
10, 7, 0
10, 8, 0
10, 9, 0
10, 10, 0
10, 11, 0
10, 12, 0
10, 13, 0
10, 14, 0
10, 15, 0
10, 16, 0
10, 17, 0
10, 18, 0
10, 19, 0
10, 20, 0
10, 21, 0
10, 22, 0
10, 23, 0
10, 24, 0
10, 25, 0
10, 26, 0
10, 27, 0
10, 28, 0
10, 29, 0
10, 30, 0
10, 31, 0
10, 32, 0
10, 33, 0
10, 34, 0
10, 35, 0
10, 36, 0
10, 37, 0
10, 38, 0
10, 39, 0
10, 40, 0
10, 41, 0
10, 42, 0
10, 43, 0
10, 44, 0
10, 45, 0
10, 46, 0
10, 47, 0
10, 48, 0
10, 49, 0
10, 50, 0
10, 51, 0
10, 52, 0
10, 53, 0
10, 54, 0
10, 55, 0
10, 56, 0
10, 57, 0
10, 58, 0
10, 59, 0
10, 60, 0
10, 61, 0
10, 62, 0
10, 63, 0
10, 64, 0
10, 65, 0
10, 66, 0
10, 67, 0
10, 68, 0
10, 69, 0
10, 70, 0
10, 71, 0
10, 72, 0
10, 73, 0
10, 74, 0
10, 75, 0
10, 76, 0
10, 77, 0
10, 78, 0
10, 79, 0
10, 80, 0
11, 1, 0
11, 2, 0
11, 3, 0
11, 4, 0
11, 5, 0
11, 6, 0
11, 7, 0
11, 8, 0
11, 9, 0
11, 10, 0
11, 11, 0
11, 12, 0
11, 13, 0
11, 14, 0
11, 15, 0
11, 16, 0
11, 17, 0
11, 18, 0
11, 19, 0
11, 20, 0
11, 21, 0
11, 22, 0
11, 23, 0
11, 24, 0
11, 25, 0
11, 26, 0
11, 27, 0
11, 28, 0
11, 29, 0
11, 30, 0
11, 31, 0
11, 32, 0
11, 33, 0
11, 34, 0
11, 35, 0
11, 36, 0
11, 37, 0
11, 38, 0
11, 39, 0
11, 40, 0
11, 41, 0
11, 42, 0
11, 43, 0
11, 44, 0
11, 45, 0
11, 46, 0
11, 47, 0
11, 48, 0
11, 49, 0
11, 50, 0
11, 51, 0
11, 52, 0
11, 53, 0
11, 54, 0
11, 55, 0
11, 56, 0
11, 57, 0
11, 58, 0
11, 59, 0
11, 60, 0
11, 61, 0
11, 62, 0
11, 63, 0
11, 64, 0
11, 65, 0
11, 66, 0
11, 67, 0
11, 68, 0
11, 69, 0
11, 70, 0
11, 71, 0
11, 72, 0
11, 73, 0
11, 74, 0
11, 75, 0
11, 76, 0
11, 77, 0
11, 78, 0
11, 79, 0
11, 80, 0
12, 1, 0
12, 2, 0
12, 3, 0
12, 4, 0
12, 5, 0
12, 6, 0
12, 7, 0
12, 8, 0
12, 9, 0
12, 10, 0
12, 11, 0
12, 12, 0
12, 13, 0
12, 14, 0
12, 15, 0
12, 16, 0
12, 17, 0
12, 18, 0
12, 19, 0
12, 20, 0
12, 21, 0
12, 22, 0
12, 23, 0
12, 24, 0
12, 25, 0
12, 26, 0
12, 27, 0
12, 28, 0
12, 29, 0
12, 30, 0
12, 31, 0
12, 32, 0
12, 33, 0
12, 34, 0
12, 35, 0
12, 36, 0
12, 37, 0
12, 38, 0
12, 39, 0
12, 40, 0
12, 41, 0
12, 42, 0
12, 43, 0
12, 44, 0
12, 45, 0
12, 46, 0
12, 47, 0
12, 48, 0
12, 49, 0
12, 50, 0
12, 51, 0
12, 52, 0
12, 53, 0
12, 54, 0
12, 55, 0
12, 56, 0
12, 57, 0
12, 58, 0
12, 59, 0
12, 60, 0
12, 61, 0
12, 62, 0
12, 63, 0
12, 64, 0
12, 65, 0
12, 66, 0
12, 67, 0
12, 68, 0
12, 69, 0
12, 70, 0
12, 71, 0
12, 72, 0
12, 73, 0
12, 74, 0
12, 75, 0
12, 76, 0
12, 77, 0
12, 78, 0
12, 79, 0
12, 80, 0
13, 1, 0
13, 2, 0
13, 3, 0
13, 4, 0
13, 5, 0
13, 6, 0
13, 7, 0
13, 8, 0
13, 9, 0
13, 10, 0
13, 11, 0
13, 12, 0
13, 13, 0
13, 14, 0
13, 15, 0
13, 16, 0
13, 17, 0
13, 18, 0
13, 19, 0
13, 20, 0
13, 21, 0
13, 22, 0
13, 23, 0
13, 24, 0
13, 25, 0
13, 26, 0
13, 27, 0
13, 28, 0
13, 29, 0
13, 30, 0
13, 31, 0
13, 32, 0
13, 33, 0
13, 34, 0
13, 35, 0
13, 36, 0
13, 37, 0
13, 38, 0
13, 39, 0
13, 40, 0
13, 41, 0
13, 42, 0
13, 43, 0
13, 44, 0
13, 45, 0
13, 46, 0
13, 47, 0
13, 48, 0
13, 49, 0
13, 50, 0
13, 51, 0
13, 52, 0
13, 53, 0
13, 54, 0
13, 55, 0
13, 56, 0
13, 57, 0
13, 58, 0
13, 59, 0
13, 60, 0
13, 61, 0
13, 62, 0
13, 63, 0
13, 64, 0
13, 65, 0
13, 66, 0
13, 67, 0
13, 68, 0
13, 69, 0
13, 70, 0
13, 71, 0
13, 72, 0
13, 73, 0
13, 74, 0
13, 75, 0
13, 76, 0
13, 77, 0
13, 78, 0
13, 79, 0
13, 80, 0
14, 1, 0
14, 2, 0
14, 3, 0
14, 4, 0
14, 5, 0
14, 6, 0
14, 7, 0
14, 8, 0
14, 9, 0
14, 10, 0
14, 11, 0
14, 12, 0
14, 13, 0
14, 14, 0
14, 15, 0
14, 16, 0
14, 17, 0
14, 18, 0
14, 19, 0
14, 20, 0
14, 21, 0
14, 22, 0
14, 23, 0
14, 24, 0
14, 25, 0
14, 26, 0
14, 27, 0
14, 28, 0
14, 29, 0
14, 30, 0
14, 31, 0
14, 32, 0
14, 33, 0
14, 34, 0
14, 35, 0
14, 36, 0
14, 37, 0
14, 38, 0
14, 39, 0
14, 40, 0
14, 41, 0
14, 42, 0
14, 43, 0
14, 44, 0
14, 45, 0
14, 46, 0
14, 47, 0
14, 48, 0
14, 49, 0
14, 50, 0
14, 51, 0
14, 52, 0
14, 53, 0
14, 54, 0
14, 55, 0
14, 56, 0
14, 57, 0
14, 58, 0
14, 59, 0
14, 60, 0
14, 61, 0
14, 62, 0
14, 63, 0
14, 64, 0
14, 65, 0
14, 66, 0
14, 67, 0
14, 68, 0
14, 69, 0
14, 70, 0
14, 71, 0
14, 72, 0
14, 73, 0
14, 74, 0
14, 75, 0
14, 76, 0
14, 77, 0
14, 78, 0
14, 79, 0
14, 80, 0
15, 1, 0
15, 2, 0
15, 3, 0
15, 4, 0
15, 5, 0
15, 6, 0
15, 7, 0
15, 8, 0
15, 9, 0
15, 10, 0
15, 11, 0
15, 12, 0
15, 13, 0
15, 14, 0
15, 15, 0
15, 16, 0
15, 17, 0
15, 18, 0
15, 19, 0
15, 20, 0
15, 21, 0
15, 22, 0
15, 23, 0
15, 24, 0
15, 25, 0
15, 26, 0
15, 27, 0
15, 28, 0
15, 29, 0
15, 30, 0
15, 31, 0
15, 32, 0
15, 33, 0
15, 34, 0
15, 35, 0
15, 36, 0
15, 37, 0
15, 38, -0.014090256415971114
15, 39, -0.01619339703180219
15, 40, -0.01581068517062922
15, 41, -0.015422739142238328
15, 42, -0.01320769264561544
15, 43, 0
15, 44, 0
15, 45, 0
15, 46, 0
15, 47, 0
15, 48, 0
15, 49, 0
15, 50, 0
15, 51, 0
15, 52, 0
15, 53, 0
15, 54, 0
15, 55, 0
15, 56, 0
15, 57, 0
15, 58, 0
15, 59, 0
15, 60, 0
15, 61, 0
15, 62, 0
15, 63, 0
15, 64, 0
15, 65, 0
15, 66, 0
15, 67, 0
15, 68, 0
15, 69, 0
15, 70, 0
15, 71, 0
15, 72, 0
15, 73, 0
15, 74, 0
15, 75, 0
15, 76, 0
15, 77, 0
15, 78, 0
15, 79, 0
15, 80, 0
16, 1, 0
16, 2, 0
16, 3, 0
16, 4, 0
16, 5, 0
16, 6, 0
16, 7, 0
16, 8, 0
16, 9, 0
16, 10, 0
16, 11, 0
16, 12, 0
16, 13, 0
16, 14, 0
16, 15, 0
16, 16, 0
16, 17, 0
16, 18, 0
16, 19, 0
16, 20, 0
16, 21, 0
16, 22, 0
16, 23, 0
16, 24, 0
16, 25, 0
16, 26, 0
16, 27, 0
16, 28, 0
16, 29, 0
16, 30, 0
16, 31, 0
16, 32, 0
16, 33, -0.3056035689549746
16, 34, -0.35374618984589434
16, 35, -0.22508702479873607
16, 36, -0.09452717916832684
16, 37, 0.022849500232480058
16, 38, 0.15276262539813412
16, 39, 0.2246920554788429
16, 40, 0.22594414085548467
16, 41, 0.22719588845450137
16, 42, 0.15734874171841448
16, 43, 0.02942808195164081
16, 44, -0.08547669477672243
16, 45, -0.21352957791772767
16, 46, -0.3401390053085519
16, 47, -0.2875724087368639
16, 48, 0
16, 49, 0
16, 50, 0
16, 51, 0
16, 52, 0
16, 53, 0
16, 54, 0
16, 55, 0
16, 56, 0
16, 57, 0
16, 58, 0
16, 59, 0
16, 60, 0
16, 61, 0
16, 62, 0
16, 63, 0
16, 64, 0
16, 65, 0
16, 66, 0
16, 67, 0
16, 68, 0
16, 69, 0
16, 70, 0
16, 71, 0
16, 72, 0
16, 73, 0
16, 74, 0
16, 75, 0
16, 76, 0
16, 77, 0
16, 78, 0
16, 79, 0
16, 80, 0
17, 1, 0
17, 2, 0
17, 3, 0
17, 4, 0
17, 5, 0
17, 6, 0
17, 7, 0
17, 8, 0
17, 9, 0
17, 10, 0
17, 11, 0
17, 12, 0
17, 13, 0
17, 14, 0
17, 15, 0
17, 16, 0
17, 17, 0
17, 18, 0
17, 19, 0
17, 20, 0
17, 21, 0
17, 22, 0
17, 23, 0
17, 24, 0
17, 25, 0
17, 26, 0
17, 27, 0
17, 28, 0
17, 29, 0
17, 30, -0.3059236831802644
17, 31, -0.6628235675843839
17, 32, -0.5670803562987593
17, 33, -0.4339351562897426
17, 34, -0.2668187887851342
17, 35, -0.08245623746312485
17, 36, 0.10220892818797428
17, 37, 0.2720622763549369
17, 38, 0.4538063470973864
17, 39, 0.5612499805033504
17, 40, 0.5621744525817239
17, 41, 0.563098579307533
17, 42, 0.45709773308504226
17, 43, 0.2767697479825737
17, 44, 0.10876965350834704
17, 45, -0.07423513394063062
17, 46, -0.25715832991150295
17, 47, -0.42276390484009974
17, 48, -0.556358250193759
17, 49, -0.6539957098137871
17, 50, -0.3038355641892958
17, 51, 0
17, 52, 0
17, 53, 0
17, 54, 0
17, 55, 0
17, 56, 0
17, 57, 0
17, 58, 0
17, 59, 0
17, 60, 0
17, 61, 0
17, 62, 0
17, 63, 0
17, 64, 0
17, 65, 0
17, 66, 0
17, 67, 0
17, 68, 0
17, 69, 0
17, 70, 0
17, 71, 0
17, 72, 0
17, 73, 0
17, 74, 0
17, 75, 0
17, 76, 0
17, 77, 0
17, 78, 0
17, 79, 0
17, 80, 0
18, 1, 0
18, 2, 0
18, 3, 0
18, 4, 0
18, 5, 0
18, 6, 0
18, 7, 0
18, 8, 0
18, 9, 0
18, 10, 0
18, 11, 0
18, 12, 0
18, 13, 0
18, 14, 0
18, 15, 0
18, 16, 0
18, 17, 0
18, 18, 0
18, 19, 0
18, 20, 0
18, 21, 0
18, 22, 0
18, 23, 0
18, 24, 0
18, 25, 0
18, 26, 0
18, 27, 0
18, 28, -0.4464983183662041
18, 29, -0.8373031915915847
18, 30, -0.7566724459446652
18, 31, -0.6297917229658484
18, 32, -0.4963025705517651
18, 33, -0.353773564350625
18, 34, -0.15558381330045423
18, 35, 0.055992939187319665
18, 36, 0.2775209150460518
18, 37, 0.49371333159770947
18, 38, 0.7203207864823241
18, 39, 0.8645527523640043
18, 40, 0.8651597726714174
18, 41, 0.8657664883237554
18, 42, 0.7224467754555924
18, 43, 0.4968035750927311
18, 44, 0.2818691705864963
18, 45, 0.06158795385617559
18, 46, -0.14888062237180366
18, 47, -0.34595611471021537
18, 48, -0.48959030120815217
18, 49, -0.6247614677368011
18, 50, -0.75372528370992
18, 51, -0.8367565754755429
18, 52, -0.4591429595110462
18, 53, 0
18, 54, 0
18, 55, 0
18, 56, 0
18, 57, 0
18, 58, 0
18, 59, 0
18, 60, 0
18, 61, 0
18, 62, 0
18, 63, 0
18, 64, 0
18, 65, 0
18, 66, 0
18, 67, 0
18, 68, 0
18, 69, 0
18, 70, 0
18, 71, 0
18, 72, 0
18, 73, 0
18, 74, 0
18, 75, 0
18, 76, 0
18, 77, 0
18, 78, 0
18, 79, 0
18, 80, 0
19, 1, 0
19, 2, 0
19, 3, 0
19, 4, 0
19, 5, 0
19, 6, 0
19, 7, 0
19, 8, 0
19, 9, 0
19, 10, 0
19, 11, 0
19, 12, 0
19, 13, 0
19, 14, 0
19, 15, 0
19, 16, 0
19, 17, 0
19, 18, 0
19, 19, 0
19, 20, 0
19, 21, 0
19, 22, 0
19, 23, 0
19, 24, 0
19, 25, 0
19, 26, 0
19, 27, -0.96059731856759
19, 28, -0.8939974503106496
19, 29, -0.7894991900290257
19, 30, -0.6820837951699346
19, 31, -0.5534115192021836
19, 32, -0.4157378421555704
19, 33, -0.2752508913353891
19, 34, -0.06488121418629905
19, 35, 0.16989258301673377
19, 36, 0.41512979888725593
19, 37, 0.6734946088760531
19, 38, 0.9416932092338807
19, 39, 1.1254281162938164
19, 40, 1.1257772997076354
19, 41, 1.1261262619998773
19, 42, 0.9428821661069542
19, 43, 0.6752890582421256
19, 44, 0.41785596271745523
19, 45, 0.1735475473435127
19, 46, -0.0603663362481624
19, 47, -0.2702275481758173
19, 48, -0.4117518900241548
19, 49, -0.5507362300712293
19, 50, -0.6811452283487003
19, 51, -0.7905810616131114
19, 52, -0.897671926777491
19, 53, -0.9675318912302534
19, 54, 0
19, 55, 0
19, 56, 0
19, 57, 0
19, 58, 0
19, 59, 0
19, 60, 0
19, 61, 0
19, 62, 0
19, 63, 0
19, 64, 0
19, 65, 0
19, 66, 0
19, 67, 0
19, 68, 0
19, 69, 0
19, 70, 0
19, 71, 0
19, 72, 0
19, 73, 0
19, 74, 0
19, 75, 0
19, 76, 0
19, 77, 0
19, 78, 0
19, 79, 0
19, 80, 0
20, 1, 0
20, 2, 0
20, 3, 0
20, 4, 0
20, 5, 0
20, 6, 0
20, 7, 0
20, 8, 0
20, 9, 0
20, 10, 0
20, 11, 0
20, 12, 0
20, 13, 0
20, 14, 0
20, 15, 0
20, 16, 0
20, 17, 0
20, 18, 0
20, 19, 0
20, 20, 0
20, 21, 0
20, 22, 0
20, 23, 0
20, 24, 0
20, 25, -0.9432035442878718
20, 26, -1.0068658151954168
20, 27, -0.9188209775795952
20, 28, -0.8097017020988708
20, 29, -0.7011004110568255
20, 30, -0.5979744897266586
20, 31, -0.4833597622544587
20, 32, -0.34281726672298557
20, 33, -0.19891810091129547
20, 34, 0.003123416598627818
20, 35, 0.25642102529795147
20, 36, 0.5192395050372375
20, 37, 0.811637911695626
20, 38, 1.115589783579601
20, 39, 1.335285240650692
20, 40, 1.3355044734084978
20, 41, 1.3357236645837154
20, 42, 1.1162855834693208
20, 43, 0.8126366780198908
20, 44, 0.5208255707157516
20, 45, 0.25874812913941403
20, 46, 0.006174756387969188
20, 47, -0.19580887491738247
20, 48, -0.34046815728909885
20, 49, -0.48205299663411494
20, 50, -0.5981109546715585
20, 51, -0.7029726731584033
20, 52, -0.813730218683086
20, 53, -0.9249847130539327
20, 54, -1.0152275454867445
20, 55, -0.9538029234955827
20, 56, 0
20, 57, 0
20, 58, 0
20, 59, 0
20, 60, 0
20, 61, 0
20, 62, 0
20, 63, 0
20, 64, 0
20, 65, 0
20, 66, 0
20, 67, 0
20, 68, 0
20, 69, 0
20, 70, 0
20, 71, 0
20, 72, 0
20, 73, 0
20, 74, 0
20, 75, 0
20, 76, 0
20, 77, 0
20, 78, 0
20, 79, 0
20, 80, 0
21, 1, 0
21, 2, 0
21, 3, 0
21, 4, 0
21, 5, 0
21, 6, 0
21, 7, 0
21, 8, 0
21, 9, 0
21, 10, 0
21, 11, 0
21, 12, 0
21, 13, 0
21, 14, 0
21, 15, 0
21, 16, 0
21, 17, 0
21, 18, 0
21, 19, 0
21, 20, 0
21, 21, 0
21, 22, 0
21, 23, 0
21, 24, -1.0656925181363872
21, 25, -1.0331320712721195
21, 26, -0.9298859087847502
21, 27, -0.8194122012201723
21, 28, -0.7143216961032145
21, 29, -0.6117025876617354
21, 30, -0.5144080870984735
21, 31, -0.4206452465949174
21, 32, -0.2772138388529468
21, 33, -0.13138756194172685
21, 34, 0.047915346809597456
21, 35, 0.3163943415718843
21, 36, 0.5926564608895315
21, 37, 0.9054335833904216
21, 38, 1.2358097947132993
21, 39, 1.4899394496078915
21, 40, 1.4900860893629724
21, 41, 1.4902326735799196
21, 42, 1.2362634711055718
21, 43, 0.9059771106724265
21, 44, 0.593562890483335
21, 45, 0.3178191314116575
21, 46, 0.0498519485369568
21, 47, -0.12966244304241867
21, 48, -0.2759769000304969
21, 49, -0.4201539410189076
21, 50, -0.5151303098753565
21, 51, -0.6138862846002311
21, 52, -0.7182791463050267
21, 53, -0.8247172036495996
21, 54, -0.9368064037513089
21, 55, -1.0422866936635675
21, 56, -1.076738696051578
21, 57, 0
21, 58, 0
21, 59, 0
21, 60, 0
21, 61, 0
21, 62, 0
21, 63, 0
21, 64, 0
21, 65, 0
21, 66, 0
21, 67, 0
21, 68, 0
21, 69, 0
21, 70, 0
21, 71, 0
21, 72, 0
21, 73, 0
21, 74, 0
21, 75, 0
21, 76, 0
21, 77, 0
21, 78, 0
21, 79, 0
21, 80, 0
22, 1, 0
22, 2, 0
22, 3, 0
22, 4, 0
22, 5, 0
22, 6, 0
22, 7, 0
22, 8, 0
22, 9, 0
22, 10, 0
22, 11, 0
22, 12, 0
22, 13, 0
22, 14, 0
22, 15, 0
22, 16, 0
22, 17, 0
22, 18, 0
22, 19, 0
22, 20, 0
22, 21, 0
22, 22, 0
22, 23, -1.1088354877448854
22, 24, -1.055917446486069
22, 25, -0.9384058262542919
22, 26, -0.822832853175654
22, 27, -0.7164800626654787
22, 28, -0.6179516050619951
22, 29, -0.5236349782851387
22, 30, -0.4304190560497875
22, 31, -0.34151494052226594
22, 32, -0.21950702010122977
22, 33, -0.07431178054613077
22, 34, 0.0722066884061401
22, 35, 0.3518633966644663
22, 36, 0.6364809385932055
22, 37, 0.9560735874666799
22, 38, 1.3035911833440323
22, 39, 1.5921453349183712
22, 40, 1.5922290544930862
22, 41, 1.5923127165105682
22, 42, 1.3037771835169722
22, 43, 0.9563278661156228
22, 44, 0.6369739132367985
22, 45, 0.35269513689133997
22, 46, 0.07336637756538558
22, 47, -0.07347352008907139
22, 48, -0.21897500241630835
22, 49, -0.3416031915014047
22, 50, -0.43141304329360797
22, 51, -0.5258373180753412
22, 52, -0.6213692864910935
22, 53, -0.7210484235760266
22, 54, -0.828752948207192
22, 55, -0.9457129983655136
22, 56, -1.06435428965136
22, 57, -1.118359326583128
22, 58, 0
22, 59, 0
22, 60, 0
22, 61, 0
22, 62, 0
22, 63, 0
22, 64, 0
22, 65, 0
22, 66, 0
22, 67, 0
22, 68, 0
22, 69, 0
22, 70, 0
22, 71, 0
22, 72, 0
22, 73, 0
22, 74, 0
22, 75, 0
22, 76, 0
22, 77, 0
22, 78, 0
22, 79, 0
22, 80, 0
23, 1, 0
23, 2, 0
23, 3, 0
23, 4, 0
23, 5, 0
23, 6, 0
23, 7, 0
23, 8, 0
23, 9, 0
23, 10, 0
23, 11, 0
23, 12, 0
23, 13, 0
23, 14, 0
23, 15, 0
23, 16, 0
23, 17, 0
23, 18, 0
23, 19, 0
23, 20, 0
23, 21, 0
23, 22, -1.1485198800001046
23, 23, -1.0748257074977214
23, 24, -0.9527884326336131
23, 25, -0.8297651601022382
23, 26, -0.7148374492291777
23, 27, -0.6141166481615368
23, 28, -0.5212724423735972
23, 29, -0.4348403384127329
23, 30, -0.34681977631237615
23, 31, -0.2632956695796905
23, 32, -0.1692929120593658
23, 33, -0.02550227474820447
23, 34, 0.11830248438637589
23, 35, 0.36938875944940014
23, 36, 0.655949056448411
23, 37, 0.9674492244253978
23, 38, 1.31550695651206
23, 39, 1.619607802820531
23, 40, 1.6196120412719632
23, 41, 1.6196162408687724
23, 42, 1.3155617341330599
23, 43, 0.9675515177300624
23, 44, 0.6561868855037454
23, 45, 0.3698283642341668
23, 46, 0.1187729822304188
23, 47, -0.025203786781463115
23, 48, -0.16920616640149216
23, 49, -0.2637260856293485
23, 50, -0.347915779770295
23, 51, -0.4368325836499603
23, 52, -0.524159018176767
23, 53, -0.6180639167195339
23, 54, -0.7199012255908276
23, 55, -0.8357420923352928
23, 56, -0.9596564358621986
23, 57, -1.0825324910140597
23, 58, -1.1572265478836448
23, 59, 0
23, 60, 0
23, 61, 0
23, 62, 0
23, 63, 0
23, 64, 0
23, 65, 0
23, 66, 0
23, 67, 0
23, 68, 0
23, 69, 0
23, 70, 0
23, 71, 0
23, 72, 0
23, 73, 0
23, 74, 0
23, 75, 0
23, 76, 0
23, 77, 0
23, 78, 0
23, 79, 0
23, 80, 0
24, 1, 0
24, 2, 0
24, 3, 0
24, 4, 0
24, 5, 0
24, 6, 0
24, 7, 0
24, 8, 0
24, 9, 0
24, 10, 0
24, 11, 0
24, 12, 0
24, 13, 0
24, 14, 0
24, 15, 0
24, 16, 0
24, 17, 0
24, 18, 0
24, 19, 0
24, 20, 0
24, 21, -1.1661662758967117
24, 22, -1.1167423259483993
24, 23, -0.9754519553675406
24, 24, -0.8369211626182942
24, 25, -0.7180804085457841
24, 26, -0.6095716181340943
24, 27, -0.5115106153566215
24, 28, -0.42381265143826435
24, 29, -0.3432434505335804
24, 30, -0.2651251021854474
24, 31, -0.1867669550625235
24, 32, -0.11250070668399448
24, 33, 0.01948101503359044
24, 34, 0.1642079707433742
24, 35, 0.37712616393750753
24, 36, 0.6582651985532277
24, 37, 0.9494386384894913
24, 38, 1.2819349272052392
24, 39, 1.5853124462456436
24, 40, 1.5852553019094877
24, 41, 1.5851981458496973
24, 42, 1.281937833189966
24, 43, 0.9494753158224503
24, 44, 0.6583446722799536
24, 45, 0.3773081400208449
24, 46, 0.16433391791400195
24, 47, 0.019488873880375304
24, 48, -0.11274250788030454
24, 49, -0.18740277134286223
24, 50, -0.26624796663550476
24, 51, -0.34501222909675905
24, 52, -0.42631263154258664
24, 53, -0.514918424701743
24, 54, -0.6137856867676962
24, 55, -0.723096147550556
24, 56, -0.8427694213583603
24, 57, -0.9822785157586811
24, 58, -1.1250126389082293
24, 59, -1.1764444358490704
24, 60, 0
24, 61, 0
24, 62, 0
24, 63, 0
24, 64, 0
24, 65, 0
24, 66, 0
24, 67, 0
24, 68, 0
24, 69, 0
24, 70, 0
24, 71, 0
24, 72, 0
24, 73, 0
24, 74, 0
24, 75, 0
24, 76, 0
24, 77, 0
24, 78, 0
24, 79, 0
24, 80, 0
25, 1, 0
25, 2, 0
25, 3, 0
25, 4, 0
25, 5, 0
25, 6, 0
25, 7, 0
25, 8, 0
25, 9, 0
25, 10, 0
25, 11, 0
25, 12, 0
25, 13, 0
25, 14, 0
25, 15, 0
25, 16, 0
25, 17, 0
25, 18, 0
25, 19, 0
25, 20, -1.1658058228413148
25, 21, -1.1637565514440062
25, 22, -1.0305062912683485
25, 23, -0.8817061942475117
25, 24, -0.7319051690986004
25, 25, -0.6029867450758748
25, 26, -0.5010277924141727
25, 27, -0.40910505796975793
25, 28, -0.3263448462892394
25, 29, -0.25242741633517574
25, 30, -0.185295848130409
25, 31, -0.1130297390479259
25, 32, -0.041564210126019865
25, 33, 0.06175177318773152
25, 34, 0.20650518124031533
25, 35, 0.37878270325036106
25, 36, 0.6472591266790281
25, 37, 0.9149133802442166
25, 38, 1.2197542210088848
25, 39, 1.5085955464655005
25, 40, 1.5084982394973043
25, 41, 1.5084009350865686
25, 42, 1.2197434511864982
25, 43, 0.9148064473059629
25, 44, 0.6471948028677577
25, 45, 0.3788105713274709
25, 46, 0.20644856957520077
25, 47, 0.06160009938458379
25, 48, -0.04195408599516228
25, 49, -0.11370593842136545
25, 50, -0.18637365202522987
25, 51, -0.25402686521171425
25, 52, -0.32853712413317315
25, 53, -0.4119980438969411
25, 54, -0.5046240830605448
25, 55, -0.6073483514455565
25, 56, -0.7370504955355595
25, 57, -0.8879235575503623
25, 58, -1.0381071522594914
25, 59, -1.173218445879214
25, 60, -1.1801410807811263
25, 61, 0
25, 62, 0
25, 63, 0
25, 64, 0
25, 65, 0
25, 66, 0
25, 67, 0
25, 68, 0
25, 69, 0
25, 70, 0
25, 71, 0
25, 72, 0
25, 73, 0
25, 74, 0
25, 75, 0
25, 76, 0
25, 77, 0
25, 78, 0
25, 79, 0
25, 80, 0
26, 1, 0
26, 2, 0
26, 3, 0
26, 4, 0
26, 5, 0
26, 6, 0
26, 7, 0
26, 8, 0
26, 9, 0
26, 10, 0
26, 11, 0
26, 12, 0
26, 13, 0
26, 14, 0
26, 15, 0
26, 16, 0
26, 17, 0
26, 18, 0
26, 19, -0.5070461689818906
26, 20, -1.2178927817139646
26, 21, -1.08766082438872
26, 22, -0.9388070176082591
26, 23, -0.7919829164621278
26, 24, -0.6466333092704355
26, 25, -0.5035940051387433
26, 26, -0.38836412102380696
26, 27, -0.30429135203029156
26, 28, -0.2301583614771381
26, 29, -0.1624085313082379
26, 30, -0.10384797420353065
26, 31, -0.04387155397488038
26, 32, 0.02725804620499619
26, 33, 0.10209213470001538
26, 34, 0.24437846727555862
26, 35, 0.3846807955497626
26, 36, 0.6215388293000881
26, 37, 0.8541928240347886
26, 38, 1.111008245046604
26, 39, 1.3613359135664054
26, 40, 1.3682398418389068
26, 41, 1.3611709534733953
26, 42, 1.1109764277428984
26, 43, 0.854137759467678
26, 44, 0.6214603329877852
26, 45, 0.3845837357693267
26, 46, 0.24421632714653851
26, 47, 0.10186069851968209
26, 48, 0.026806984371885337
26, 49, -0.044557641440011515
26, 50, -0.10488589976452203
26, 51, -0.16385547823098293
26, 52, -0.23209678565195072
26, 53, -0.3067903972476611
26, 54, -0.39149561244594916
26, 55, -0.5074135655542649
26, 56, -0.6512015311774684
26, 57, -0.797510135469937
26, 58, -0.9456234998886777
26, 59, -1.096396582910064
26, 60, -1.2293190891948858
26, 61, -0.5466028788462147
26, 62, 0
26, 63, 0
26, 64, 0
26, 65, 0
26, 66, 0
26, 67, 0
26, 68, 0
26, 69, 0
26, 70, 0
26, 71, 0
26, 72, 0
26, 73, 0
26, 74, 0
26, 75, 0
26, 76, 0
26, 77, 0
26, 78, 0
26, 79, 0
26, 80, 0
27, 1, 0
27, 2, 0
27, 3, 0
27, 4, 0
27, 5, 0
27, 6, 0
27, 7, 0
27, 8, 0
27, 9, 0
27, 10, 0
27, 11, 0
27, 12, 0
27, 13, 0
27, 14, 0
27, 15, 0
27, 16, 0
27, 17, 0
27, 18, 0
27, 19, -1.2623777575830841
27, 20, -1.1556673873763827
27, 21, -1.0043013860443715
27, 22, -0.8530009256967662
27, 23, -0.7073133216595532
27, 24, -0.566879297975866
27, 25, -0.4298226870587564
27, 26, -0.2974001883034548
27, 27, -0.19662561407700457
27, 28, -0.1338896660406858
27, 29, -0.07798105498125252
27, 30, -0.023030413384123455
27, 31, 0.025981765510531548
27, 32, 0.09060497453906874
27, 33, 0.16157099110324477
27, 34, 0.2770423721951184
27, 35, 0.41367804760229554
27, 36, 0.5997732943703757
27, 37, 0.7992462670341716
27, 38, 1.0049645765356492
27, 39, 1.2074884046693477
27, 40, 1.223377187866333
27, 41, 1.2073433983808703
27, 42, 1.0049365606490333
27, 43, 0.7992064308454547
27, 44, 0.5996830568612511
27, 45, 0.4135114856214243
27, 46, 0.2768294044498617
27, 47, 0.1612499521717659
27, 48, 0.09012755777625521
27, 49, 0.025286880654060036
27, 50, -0.02403648465662403
27, 51, -0.0793329423667875
27, 52, -0.13564483823130513
27, 53, -0.1988413248962047
27, 54, -0.300164378796488
27, 55, -0.43317490275388904
27, 56, -0.5709078248559556
27, 57, -0.7121732179639843
27, 58, -0.8593076553891572
27, 59, -1.012490382395935
27, 60, -1.1665147060650825
27, 61, -1.276900760456368
27, 62, 0
27, 63, 0
27, 64, 0
27, 65, 0
27, 66, 0
27, 67, 0
27, 68, 0
27, 69, 0
27, 70, 0
27, 71, 0
27, 72, 0
27, 73, 0
27, 74, 0
27, 75, 0
27, 76, 0
27, 77, 0
27, 78, 0
27, 79, 0
27, 80, 0
28, 1, 0
28, 2, 0
28, 3, 0
28, 4, 0
28, 5, 0
28, 6, 0
28, 7, 0
28, 8, 0
28, 9, 0
28, 10, 0
28, 11, 0
28, 12, 0
28, 13, 0
28, 14, 0
28, 15, 0
28, 16, 0
28, 17, 0
28, 18, -1.2218441132318638
28, 19, -1.225148258487487
28, 20, -1.0732586867157141
28, 21, -0.9188255654231224
28, 22, -0.7697806458869741
28, 23, -0.6275133927898472
28, 24, -0.49120565207608147
28, 25, -0.3595939001337795
28, 26, -0.23397057819399386
28, 27, -0.11653458437799595
28, 28, -0.03544517174189785
28, 29, 0.008673119330726274
28, 30, 0.050972325684673817
28, 31, 0.0986689021869149
28, 32, 0.149386355108408
28, 33, 0.21534887263432664
28, 34, 0.29618405596747344
28, 35, 0.41771447962001657
28, 36, 0.5601270381774714
28, 37, 0.7311225228277526
28, 38, 0.8950984329143381
28, 39, 1.0525628263994498
28, 40, 1.0727525696102482
28, 41, 1.0524454798654568
28, 42, 0.8950620788058541
28, 43, 0.7310484580110682
28, 44, 0.5600023425797322
28, 45, 0.41752409268228574
28, 46, 0.2959301165800143
28, 47, 0.2149797838555816
28, 48, 0.14890256816430192
28, 49, 0.09797873272569511
28, 50, 0.05000915368192932
28, 51, 0.007415849170651894
28, 52, -0.03702906473470949
28, 53, -0.11851618329685747
28, 54, -0.23638611231749668
28, 55, -0.36253597478573213
28, 56, -0.4948156125066255
28, 57, -0.6320482821175752
28, 58, -0.7755919362091732
28, 59, -0.9264280904874991
28, 60, -1.083233367781149
28, 61, -1.2383744404419448
28, 62, -1.2408988339082476
28, 63, 0
28, 64, 0
28, 65, 0
28, 66, 0
28, 67, 0
28, 68, 0
28, 69, 0
28, 70, 0
28, 71, 0
28, 72, 0
28, 73, 0
28, 74, 0
28, 75, 0
28, 76, 0
28, 77, 0
28, 78, 0
28, 79, 0
28, 80, 0
29, 1, 0
29, 2, 0
29, 3, 0
29, 4, 0
29, 5, 0
29, 6, 0
29, 7, 0
29, 8, 0
29, 9, 0
29, 10, 0
29, 11, 0
29, 12, 0
29, 13, 0
29, 14, 0
29, 15, 0
29, 16, 0
29, 17, 0
29, 18, -1.288418003978963
29, 19, -1.1574033345744976
29, 20, -0.9941578570609331
29, 21, -0.8363174432500073
29, 22, -0.689284913258239
29, 23, -0.5510614980231096
29, 24, -0.41964587778510476
29, 25, -0.29547592127400746
29, 26, -0.17827479205414995
29, 27, -0.06526855860449975
29, 28, 0.033658071286202525
29, 29, 0.09327797571148075
29, 30, 0.12205133140989921
29, 31, 0.15792050066025098
29, 32, 0.19912065929717498
29, 33, 0.2557630850556913
29, 34, 0.3189145348137549
29, 35, 0.42373998955684283
29, 36, 0.5368499348975125
29, 37, 0.6767858670570567
29, 38, 0.8016242198454546
29, 39, 0.9155956714159321
29, 40, 0.9330983566296969
29, 41, 0.9155076420433967
29, 42, 0.8015727200651417
29, 43, 0.6766782748486622
29, 44, 0.5366868583386907
29, 45, 0.4235056794527124
29, 46, 0.3185998703491837
29, 47, 0.2553476357832203
29, 48, 0.1985723152018237
29, 49, 0.15718216724954
29, 50, 0.12111123854395564
29, 51, 0.0921289478689975
29, 52, 0.03223501547509338
29, 53, -0.06701572015553184
29, 54, -0.180449990096684
29, 55, -0.29815059394267596
29, 56, -0.4229870970092313
29, 57, -0.5552777785383893
29, 58, -0.6946855508037992
29, 59, -0.8432536454505989
29, 60, -1.0028068079099584
29, 61, -1.168559352235926
29, 62, -1.3035485292087272
29, 63, 0
29, 64, 0
29, 65, 0
29, 66, 0
29, 67, 0
29, 68, 0
29, 69, 0
29, 70, 0
29, 71, 0
29, 72, 0
29, 73, 0
29, 74, 0
29, 75, 0
29, 76, 0
29, 77, 0
29, 78, 0
29, 79, 0
29, 80, 0
30, 1, 0
30, 2, 0
30, 3, 0
30, 4, 0
30, 5, 0
30, 6, 0
30, 7, 0
30, 8, 0
30, 9, 0
30, 10, 0
30, 11, 0
30, 12, 0
30, 13, 0
30, 14, 0
30, 15, 0
30, 16, 0
30, 17, -1.2756356788509733
30, 18, -1.241998513785772
30, 19, -1.081025957429572
30, 20, -0.9191086667681687
30, 21, -0.7643338557056383
30, 22, -0.617956993576565
30, 23, -0.47826604386007726
30, 24, -0.34968015407952113
30, 25, -0.23185025899200398
30, 26, -0.1233688428901607
30, 27, -0.023268555612761893
30, 28, 0.07134159775968896
30, 29, 0.1393429421136393
30, 30, 0.18390786934925418
30, 31, 0.2136613264940528
30, 32, 0.2533904681412145
30, 33, 0.30133175794110495
30, 34, 0.35927033010512593
30, 35, 0.4436150555886661
30, 36, 0.5322865333971143
30, 37, 0.6339093137957064
30, 38, 0.7203345324520303
30, 39, 0.795736450519888
30, 40, 0.8068236074900321
30, 41, 0.7956642774935847
30, 42, 0.7202962410747383
30, 43, 0.6338178993383987
30, 44, 0.5321347284997142
30, 45, 0.44338932848996215
30, 46, 0.3589592654058695
30, 47, 0.30091970230459236
30, 48, 0.25282774176829226
30, 49, 0.2129249360533385
30, 50, 0.18301400004279322
30, 51, 0.1382589906347851
30, 52, 0.07004793066445218
30, 53, -0.024891502934972085
30, 54, -0.1253562660821801
30, 55, -0.23429609968105616
30, 56, -0.3527575346444829
30, 57, -0.48214175611539045
30, 58, -0.6227261753782973
30, 59, -0.7702494027846274
30, 60, -0.9264899382270497
30, 61, -1.0904107821766535
30, 62, -1.2546029203787445
30, 63, -1.2947208496536293
30, 64, 0
30, 65, 0
30, 66, 0
30, 67, 0
30, 68, 0
30, 69, 0
30, 70, 0
30, 71, 0
30, 72, 0
30, 73, 0
30, 74, 0
30, 75, 0
30, 76, 0
30, 77, 0
30, 78, 0
30, 79, 0
30, 80, 0
31, 1, 0
31, 2, 0
31, 3, 0
31, 4, 0
31, 5, 0
31, 6, 0
31, 7, 0
31, 8, 0
31, 9, 0
31, 10, 0
31, 11, 0
31, 12, 0
31, 13, 0
31, 14, 0
31, 15, 0
31, 16, 0
31, 17, -1.3057177103535016
31, 18, -1.1731108337648488
31, 19, -1.004785241723118
31, 20, -0.845749432825198
31, 21, -0.6960793747755876
31, 22, -0.5540821353764285
31, 23, -0.41963169553684554
31, 24, -0.29277096030022787
31, 25, -0.17303049353446634
31, 26, -0.0694919751234784
31, 27, 0.021416605895211126
31, 28, 0.10521544319749217
31, 29, 0.16846764217916016
31, 30, 0.21995578777712244
31, 31, 0.26418370452109
31, 32, 0.3049658144608385
31, 33, 0.35027718976951855
31, 34, 0.39925775672218944
31, 35, 0.4614197783332192
31, 36, 0.5255188719568542
31, 37, 0.5959584135196011
31, 38, 0.6548027136708876
31, 39, 0.7055847340883059
31, 40, 0.7126895804198418
31, 41, 0.7055278161678367
31, 42, 0.654747739349115
31, 43, 0.59586181203593
31, 44, 0.525371108590006
31, 45, 0.46120609442071686
31, 46, 0.398966075732053
31, 47, 0.3499057283105061
31, 48, 0.30446736544519915
31, 49, 0.26353580389689774
31, 50, 0.21912420175492137
31, 51, 0.16744356331943344
31, 52, 0.10399350956498467
31, 53, 0.019930990382601023
31, 54, -0.07129625717176938
31, 55, -0.17529354036315828
31, 56, -0.29552795746773153
31, 57, -0.42299104862902037
31, 58, -0.5581991027877707
31, 59, -0.7011652922472079
31, 60, -0.8520384731404388
31, 61, -1.0126514901200052
31, 62, -1.183268688730137
31, 63, -1.3196190658464393
31, 64, 0
31, 65, 0
31, 66, 0
31, 67, 0
31, 68, 0
31, 69, 0
31, 70, 0
31, 71, 0
31, 72, 0
31, 73, 0
31, 74, 0
31, 75, 0
31, 76, 0
31, 77, 0
31, 78, 0
31, 79, 0
31, 80, 0
32, 1, 0
32, 2, 0
32, 3, 0
32, 4, 0
32, 5, 0
32, 6, 0
32, 7, 0
32, 8, 0
32, 9, 0
32, 10, 0
32, 11, 0
32, 12, 0
32, 13, 0
32, 14, 0
32, 15, 0
32, 16, -0.900309748252052
32, 17, -1.26125352918184
32, 18, -1.1037686850179753
32, 19, -0.9388046062180302
32, 20, -0.7815141193648913
32, 21, -0.6320991823062094
32, 22, -0.4916199511777896
32, 23, -0.3625211617261381
32, 24, -0.24217032848009984
32, 25, -0.1301169999673189
32, 26, -0.024445263767520056
32, 27, 0.06453336371401355
32, 28, 0.1384609581901878
32, 29, 0.19920146073932254
32, 30, 0.2535431079536263
32, 31, 0.30327916379655895
32, 32, 0.34116621542289793
32, 33, 0.38063690269439143
32, 34, 0.4200644907852866
32, 35, 0.4685983704782148
32, 36, 0.5156564916772552
32, 37, 0.5633732824024488
32, 38, 0.6010741342108712
32, 39, 0.63242021857365
32, 40, 0.6363881870111034
32, 41, 0.6323651298717553
32, 42, 0.6010189836691815
32, 43, 0.5632806773338235
32, 44, 0.5155137735495258
32, 45, 0.46839980871127196
32, 46, 0.4198033969696914
32, 47, 0.38029503041549284
32, 48, 0.3407174410346982
32, 49, 0.3026976796552183
32, 50, 0.25278887381915427
32, 51, 0.19826528027971232
32, 52, 0.13734081682967994
32, 53, 0.06318515052721775
32, 54, -0.026068904901918065
32, 55, -0.1320885923716716
32, 56, -0.2445501550160973
32, 57, -0.3653980541428681
32, 58, -0.4951366904779538
32, 59, -0.6363869736442075
32, 60, -0.7867168557724054
32, 61, -0.9451235002776424
32, 62, -1.1117046912335322
32, 63, -1.2716544019185378
32, 64, -0.9020714888367964
32, 65, 0
32, 66, 0
32, 67, 0
32, 68, 0
32, 69, 0
32, 70, 0
32, 71, 0
32, 72, 0
32, 73, 0
32, 74, 0
32, 75, 0
32, 76, 0
32, 77, 0
32, 78, 0
32, 79, 0
32, 80, 0
33, 1, 0
33, 2, 0
33, 3, 0
33, 4, 0
33, 5, 0
33, 6, 0
33, 7, 0
33, 8, 0
33, 9, 0
33, 10, 0
33, 11, 0
33, 12, 0
33, 13, 0
33, 14, 0
33, 15, 0
33, 16, -1.2884230735406683
33, 17, -1.1996299414479208
33, 18, -1.0355909023108298
33, 19, -0.8747491133383456
33, 20, -0.7233690276430991
33, 21, -0.5799701313720781
33, 22, -0.4440907529995065
33, 23, -0.3155091837172583
33, 24, -0.19467539606804984
33, 25, -0.0888294641569399
33, 26, 0.008227267145674049
33, 27, 0.09560503312999735
33, 28, 0.16601433254988815
33, 29, 0.22982243622570483
33, 30, 0.28275676035175684
33, 31, 0.3314190298141802
33, 32, 0.36860263307157504
33, 33, 0.4030563280846645
33, 34, 0.4357021624036565
33, 35, 0.4712774384291226
33, 36, 0.5055903235252848
33, 37, 0.5392211571721456
33, 38, 0.5654354627850227
33, 39, 0.5874460966357
33, 40, 0.5899696233982454
33, 41, 0.5873998012989722
33, 42, 0.5653727130276162
33, 43, 0.5391254173292752
33, 44, 0.5054542190626632
33, 45, 0.47109370400138456
33, 46, 0.4354674296449771
33, 47, 0.4027451493976917
33, 48, 0.3682035105374543
33, 49, 0.3309089824297841
33, 50, 0.28209378724556755
33, 51, 0.2289865987976776
33, 52, 0.16501284519697562
33, 53, 0.09444117405777858
33, 54, 0.006815004435179806
33, 55, -0.09052994634764078
33, 56, -0.19670740014165547
33, 57, -0.3179459391772527
33, 58, -0.44700825346686135
33, 59, -0.5834709362500554
33, 60, -0.7275579495961529
33, 61, -0.8797392190493223
33, 62, -1.0417005462978723
33, 63, -1.2073787598907417
33, 64, -1.2988245457397096
33, 65, 0
33, 66, 0
33, 67, 0
33, 68, 0
33, 69, 0
33, 70, 0
33, 71, 0
33, 72, 0
33, 73, 0
33, 74, 0
33, 75, 0
33, 76, 0
33, 77, 0
33, 78, 0
33, 79, 0
33, 80, 0
34, 1, 0
34, 2, 0
34, 3, 0
34, 4, 0
34, 5, 0
34, 6, 0
34, 7, 0
34, 8, 0
34, 9, 0
34, 10, 0
34, 11, 0
34, 12, 0
34, 13, 0
34, 14, 0
34, 15, 0
34, 16, -1.2677959854583938
34, 17, -1.1374956747681153
34, 18, -0.9732782884828983
34, 19, -0.8160343989300148
34, 20, -0.6678419222432352
34, 21, -0.5294892679559164
34, 22, -0.3991620459401057
34, 23, -0.2767941759022293
34, 24, -0.16162556391486238
34, 25, -0.05673108366984887
34, 26, 0.03629954742144294
34, 27, 0.12480939724786311
34, 28, 0.18653453568458392
34, 29, 0.2486389035096327
34, 30, 0.30001417797597585
34, 31, 0.34511930542686065
34, 32, 0.38159346097396135
34, 33, 0.4131024771358778
34, 34, 0.44253161512856554
34, 35, 0.47004728270714324
34, 36, 0.49526050967788293
34, 37, 0.5178667295927855
34, 38, 0.5341953950728827
34, 39, 0.5480860427037737
34, 40, 0.5494891252424767
34, 41, 0.5480472491019036
34, 42, 0.534136364392677
34, 43, 0.5177827559755133
34, 44, 0.4951377962464474
34, 45, 0.4698820459335787
34, 46, 0.44231920646157125
34, 47, 0.4128267462530586
34, 48, 0.381247547132101
34, 49, 0.34467510188620465
34, 50, 0.2994488794461263
34, 51, 0.24792462204650179
34, 52, 0.18567614467271473
34, 53, 0.12381563262147338
34, 54, 0.035090843924635615
34, 55, -0.05816238477537712
34, 56, -0.1633133850715101
34, 57, -0.27879368430831336
34, 58, -0.4015175467840051
34, 59, -0.5322766108916085
34, 60, -0.6711501193584893
34, 61, -0.8199020555264056
34, 62, -0.9777376813701417
34, 63, -1.1424861820494836
34, 64, -1.2731017283559547
34, 65, 0
34, 66, 0
34, 67, 0
34, 68, 0
34, 69, 0
34, 70, 0
34, 71, 0
34, 72, 0
34, 73, 0
34, 74, 0
34, 75, 0
34, 76, 0
34, 77, 0
34, 78, 0
34, 79, 0
34, 80, 0
35, 1, 0
35, 2, 0
35, 3, 0
35, 4, 0
35, 5, 0
35, 6, 0
35, 7, 0
35, 8, 0
35, 9, 0
35, 10, 0
35, 11, 0
35, 12, 0
35, 13, 0
35, 14, 0
35, 15, -0.09307135981501591
35, 16, -1.2244360247566781
35, 17, -1.0778445182498737
35, 18, -0.9184574976794735
35, 19, -0.7666977458191753
35, 20, -0.6227690677170991
35, 21, -0.4869390039881289
35, 22, -0.35949313414657835
35, 23, -0.2407077420589238
35, 24, -0.13136085304619044
35, 25, -0.028856704372967987
35, 26, 0.057021683723640984
35, 27, 0.137832276591782
35, 28, 0.20149551951903072
35, 29, 0.2620411682027983
35, 30, 0.3129135009338948
35, 31, 0.35455421931225717
35, 32, 0.3899049598753787
35, 33, 0.4173040695490188
35, 34, 0.4428403221744042
35, 35, 0.46486967843096483
35, 36, 0.4846172321250871
35, 37, 0.5020718445043001
35, 38, 0.5143527908558477
35, 39, 0.5245620054023581
35, 40, 0.5254496193981864
35, 41, 0.5245284036629034
35, 42, 0.5143031972382271
35, 43, 0.5019968876799642
35, 44, 0.4845120794145863
35, 45, 0.4647289117989727
35, 46, 0.44265821404518746
35, 47, 0.41706872325320543
35, 48, 0.3896111801273446
35, 49, 0.35418007352208547
35, 50, 0.3124444027019813
35, 51, 0.26145026312248354
35, 52, 0.2007797454369304
35, 53, 0.13700351338435468
35, 54, 0.056023002962355975
35, 55, -0.030032763136478346
35, 56, -0.13273948322498147
35, 57, -0.24232750795651167
35, 58, -0.36138612506862733
35, 59, -0.48914913310096453
35, 60, -0.6253287905464585
35, 61, -0.7695285729203787
35, 62, -0.9213817411900901
35, 63, -1.0804667239566186
35, 64, -1.2256475071242847
35, 65, -0.05758365550799166
35, 66, 0
35, 67, 0
35, 68, 0
35, 69, 0
35, 70, 0
35, 71, 0
35, 72, 0
35, 73, 0
35, 74, 0
35, 75, 0
35, 76, 0
35, 77, 0
35, 78, 0
35, 79, 0
35, 80, 0
36, 1, 0
36, 2, 0
36, 3, 0
36, 4, 0
36, 5, 0
36, 6, 0
36, 7, 0
36, 8, 0
36, 9, 0
36, 10, 0
36, 11, 0
36, 12, 0
36, 13, 0
36, 14, 0
36, 15, -1.1310331138938103
36, 16, -1.1704655586767514
36, 17, -1.019793304007918
36, 18, -0.8657976306695797
36, 19, -0.7189799926945537
36, 20, -0.5812089034899177
36, 21, -0.4507529780111189
36, 22, -0.3272763023940442
36, 23, -0.2138325620921181
36, 24, -0.10910209583341399
36, 25, -0.010853367600726204
36, 26, 0.07442660348557818
36, 27, 0.14959064280323853
36, 28, 0.21208594345491552
36, 29, 0.26883133743989096
36, 30, 0.3192819885127059
36, 31, 0.35785957105197025
36, 32, 0.39216540246581244
36, 33, 0.4172050052962418
36, 34, 0.43996704869845116
36, 35, 0.4582319247882925
36, 36, 0.4735116645962903
36, 37, 0.4865917349370215
36, 38, 0.49523758116547545
36, 39, 0.5024564800143471
36, 40, 0.5029927560376349
36, 41, 0.5024300832487835
36, 42, 0.49519747098814365
36, 43, 0.48653027538799265
36, 44, 0.4734268922830997
36, 45, 0.45811780020798076
36, 46, 0.43982039308818477
36, 47, 0.41701684682413037
36, 48, 0.39193206499596633
36, 49, 0.3575634393559998
36, 50, 0.31891125052614305
36, 51, 0.26836460383385635
36, 52, 0.21151385275183054
36, 53, 0.14892187443092425
36, 54, 0.07361135368243664
36, 55, -0.011807141413299468
36, 56, -0.1102456716968962
36, 57, -0.21516990825472923
36, 58, -0.3287707868305314
36, 59, -0.4524527511043972
36, 60, -0.5830808268042211
36, 61, -0.7209324712448836
36, 62, -0.8674687231723506
36, 63, -1.0205402096935374
36, 64, -1.1688958218864487
36, 65, -1.1221460567935773
36, 66, 0
36, 67, 0
36, 68, 0
36, 69, 0
36, 70, 0
36, 71, 0
36, 72, 0
36, 73, 0
36, 74, 0
36, 75, 0
36, 76, 0
36, 77, 0
36, 78, 0
36, 79, 0
36, 80, 0
37, 1, 0
37, 2, 0
37, 3, 0
37, 4, 0
37, 5, 0
37, 6, 0
37, 7, 0
37, 8, 0
37, 9, 0
37, 10, 0
37, 11, 0
37, 12, 0
37, 13, 0
37, 14, 0
37, 15, -1.1547740020898576
37, 16, -1.1285499726535728
37, 17, -0.9750719451615322
37, 18, -0.8230256377875215
37, 19, -0.6798409794858429
37, 20, -0.545030691316114
37, 21, -0.41799606583446386
37, 22, -0.2987132866569972
37, 23, -0.18831521666146148
37, 24, -0.08924204966181079
37, 25, 0.0029699321127655024
37, 26, 0.08593249820459699
37, 27, 0.1551397222272181
37, 28, 0.21740368258373222
37, 29, 0.2714376951128432
37, 30, 0.3210740121273625
37, 31, 0.3566088891724949
37, 32, 0.3888767657736879
37, 33, 0.4124442686782394
37, 34, 0.43302244388471955
37, 35, 0.4493898361367123
37, 36, 0.4624284320486042
37, 37, 0.47339229258569915
37, 38, 0.4802195599251513
37, 39, 0.48593657354365927
37, 40, 0.4863008405351655
37, 41, 0.4859156055405529
37, 42, 0.48018995955028576
37, 43, 0.47334544115344096
37, 44, 0.46236561091670003
37, 45, 0.4493033623037809
37, 46, 0.43291266147951213
37, 47, 0.4123004593084687
37, 48, 0.38869965314621413
37, 49, 0.35638129614387937
37, 50, 0.32078619133131026
37, 51, 0.2710796804680232
37, 52, 0.21695729771594008
37, 53, 0.15461133754162024
37, 54, 0.08527272418065686
37, 55, 0.002199824028728754
37, 56, -0.09016898325165383
37, 57, -0.18939405613069343
37, 58, -0.2998783614213331
37, 59, -0.4192433074446156
37, 60, -0.5462958710950356
37, 61, -0.6809943490958731
37, 62, -0.823839604775991
37, 63, -0.9749551444572266
37, 64, -1.1264756700112593
37, 65, -1.1471898924265824
37, 66, 0
37, 67, 0
37, 68, 0
37, 69, 0
37, 70, 0
37, 71, 0
37, 72, 0
37, 73, 0
37, 74, 0
37, 75, 0
37, 76, 0
37, 77, 0
37, 78, 0
37, 79, 0
37, 80, 0
38, 1, 0
38, 2, 0
38, 3, 0
38, 4, 0
38, 5, 0
38, 6, 0
38, 7, 0
38, 8, 0
38, 9, 0
38, 10, 0
38, 11, 0
38, 12, 0
38, 13, 0
38, 14, 0
38, 15, -1.1585195042052856
38, 16, -1.085754479267056
38, 17, -0.9346184584097057
38, 18, -0.7865250790608904
38, 19, -0.648026133671066
38, 20, -0.5174165660479372
38, 21, -0.3947109624146783
38, 22, -0.27974581878572835
38, 23, -0.17164793951750573
38, 24, -0.07549956761661514
38, 25, 0.012830463774582052
38, 26, 0.09432374073717711
38, 27, 0.1592452522848153
38, 28, 0.22058081423030013
38, 29, 0.27173414322094336
38, 30, 0.32002285997531443
38, 31, 0.35347014755455336
38, 32, 0.3839660148062135
38, 33, 0.4065247464446226
38, 34, 0.4253198416487014
38, 35, 0.4401610826823534
38, 36, 0.4512996424569705
38, 37, 0.4606063690568508
38, 38, 0.4660636840339714
38, 39, 0.4706694440308591
38, 40, 0.4709251371441937
38, 41, 0.47065684986519274
38, 42, 0.46604671671563414
38, 43, 0.46057805278016195
38, 44, 0.4512627440322762
38, 45, 0.4401073863210133
38, 46, 0.425251155092742
38, 47, 0.406429389000303
38, 48, 0.3838475279173681
38, 49, 0.35331081789026003
38, 50, 0.3198298140251531
38, 51, 0.27147722999727164
38, 52, 0.2202567263711427
38, 53, 0.15887007149327403
38, 54, 0.09386094582886009
38, 55, 0.012309187812503133
38, 56, -0.07610340734325133
38, 57, -0.1722931429225
38, 58, -0.2804398316265172
38, 59, -0.39541716286260165
38, 60, -0.5180661644555804
38, 61, -0.6484947392604922
38, 62, -0.7866181257782232
38, 63, -0.9338678571987246
38, 64, -1.0833361843209697
38, 65, -1.152813593838899
38, 66, 0
38, 67, 0
38, 68, 0
38, 69, 0
38, 70, 0
38, 71, 0
38, 72, 0
38, 73, 0
38, 74, 0
38, 75, 0
38, 76, 0
38, 77, 0
38, 78, 0
38, 79, 0
38, 80, 0
39, 1, 0
39, 2, 0
39, 3, 0
39, 4, 0
39, 5, 0
39, 6, 0
39, 7, 0
39, 8, 0
39, 9, 0
39, 10, 0
39, 11, 0
39, 12, 0
39, 13, 0
39, 14, 0
39, 15, -1.137326363055011
39, 16, -1.0433976287564393
39, 17, -0.894900825674225
39, 18, -0.7513714051937765
39, 19, -0.6169545508078067
39, 20, -0.4905412169547081
39, 21, -0.37214501361765306
39, 22, -0.26161177528999
39, 23, -0.15810585723009246
39, 24, -0.06495114924822695
39, 25, 0.01912777970705521
39, 26, 0.09801278001314663
39, 27, 0.15916932445747367
39, 28, 0.2185741306713636
39, 29, 0.26754502903080735
39, 30, 0.31381136165922435
39, 31, 0.34669589602036677
39, 32, 0.3760691957973731
39, 33, 0.3981463243100393
39, 34, 0.4160528367812629
39, 35, 0.430246039679836
39, 36, 0.4404811839513312
39, 37, 0.44900902896925565
39, 38, 0.45378951641516124
39, 39, 0.45783561970396075
39, 40, 0.4580420886639017
39, 41, 0.45783409316329965
39, 42, 0.4537886899363409
39, 43, 0.4490067877759254
39, 44, 0.4404772019184422
39, 45, 0.4302380216977081
39, 46, 0.41603862008703035
39, 47, 0.398122901325579
39, 48, 0.3760334759028312
39, 49, 0.34664315950506414
39, 50, 0.31373834127980493
39, 51, 0.26744172443725706
39, 52, 0.21843694601142202
39, 53, 0.15900818152948804
39, 54, 0.09782447563757157
39, 55, 0.018911997150515537
39, 56, -0.06518963868240259
39, 57, -0.15835625353872
39, 58, -0.26185278235514275
39, 59, -0.3723368710892507
39, 60, -0.4906076618555791
39, 61, -0.6167702762275843
39, 62, -0.7507675339994984
39, 63, -0.8935198029892056
39, 64, -1.0405365820671704
39, 65, -1.132055166635395
39, 66, 0
39, 67, 0
39, 68, 0
39, 69, 0
39, 70, 0
39, 71, 0
39, 72, 0
39, 73, 0
39, 74, 0
39, 75, 0
39, 76, 0
39, 77, 0
39, 78, 0
39, 79, 0
39, 80, 0
40, 1, 0
40, 2, 0
40, 3, 0
40, 4, 0
40, 5, 0
40, 6, 0
40, 7, 0
40, 8, 0
40, 9, 0
40, 10, 0
40, 11, 0
40, 12, 0
40, 13, 0
40, 14, 0
40, 15, -1.1102674196079698
40, 16, -1.0153360727352951
40, 17, -0.8681735376658435
40, 18, -0.7268892734583111
40, 19, -0.595114558837436
40, 20, -0.47164116603210837
40, 21, -0.35637454523381035
40, 22, -0.24909866787522883
40, 23, -0.14899128368944164
40, 24, -0.058557011009039386
40, 25, 0.022402687260852663
40, 26, 0.0988711466934911
40, 27, 0.15733592435413027
40, 28, 0.21491724735485876
40, 29, 0.2621070748488499
40, 30, 0.3066799257405585
40, 31, 0.33894057185814697
40, 32, 0.36738466421683225
40, 33, 0.3890162105674061
40, 34, 0.40626010012509295
40, 35, 0.41998064504075194
40, 36, 0.42961264064337673
40, 37, 0.43763099794795723
40, 38, 0.441988749594221
40, 39, 0.4456831769767697
40, 40, 0.44586468893485576
40, 41, 0.44569060246384457
40, 42, 0.4420024404174139
40, 43, 0.43765158233437274
40, 44, 0.42963909303733144
40, 45, 0.42001431718196297
40, 46, 0.4062967992844074
40, 47, 0.38905875492205577
40, 48, 0.36742643849993567
40, 49, 0.3389855994758546
40, 50, 0.3067191456643781
40, 51, 0.2621440573282395
40, 52, 0.2149469543465559
40, 53, 0.1573634781588835
40, 54, 0.0989075739719628
40, 55, 0.022432260133794298
40, 56, -0.05852273847178116
40, 57, -0.14896195133393494
40, 58, -0.24905821508461803
40, 59, -0.35630955120986807
40, 60, -0.47152577780259786
40, 61, -0.5949111532821727
40, 62, -0.7265493234286025
40, 63, -0.8675769685147489
40, 64, -1.0142659423121607
40, 65, -1.108550496040258
40, 66, 0
40, 67, 0
40, 68, 0
40, 69, 0
40, 70, 0
40, 71, 0
40, 72, 0
40, 73, 0
40, 74, 0
40, 75, 0
40, 76, 0
40, 77, 0
40, 78, 0
40, 79, 0
40, 80, 0
41, 1, 0
41, 2, 0
41, 3, 0
41, 4, 0
41, 5, 0
41, 6, 0
41, 7, 0
41, 8, 0
41, 9, 0
41, 10, 0
41, 11, 0
41, 12, 0
41, 13, 0
41, 14, 0
41, 15, -1.0832084507757673
41, 16, -0.9877833932877093
41, 17, -0.8426489278552778
41, 18, -0.7040651215191921
41, 19, -0.5753520745543647
41, 20, -0.45515621176274623
41, 21, -0.34325501249490553
41, 22, -0.2393343521140533
41, 23, -0.1425470042289368
41, 24, -0.055206314013730204
41, 25, 0.022976545231388746
41, 26, 0.0966870552862434
41, 27, 0.15318081745200485
41, 28, 0.20861228680045038
41, 29, 0.25451932837503255
41, 30, 0.29794982743080206
41, 31, 0.32954330635530216
41, 32, 0.3574500735648466
41, 33, 0.37875688525518575
41, 34, 0.39574662839048963
41, 35, 0.40926832143584196
41, 36, 0.4187170384792788
41, 37, 0.42656019592257716
41, 38, 0.4307898272610653
41, 39, 0.4343654667845786
41, 40, 0.434544839133573
41, 41, 0.43438027471016377
41, 42, 0.43081728510536826
41, 43, 0.4266013832375139
41, 44, 0.4187725501198516
41, 45, 0.40934000008543814
41, 46, 0.3958312756989809
41, 47, 0.3788584570288575
41, 48, 0.35756353083655534
41, 49, 0.3296746510076132
41, 50, 0.2980915909434033
41, 51, 0.25467871239444856
41, 52, 0.20878500012646106
41, 53, 0.15336945594484397
41, 54, 0.09690024174210109
41, 55, 0.02320122889064055
41, 56, -0.05496489681053891
41, 57, -0.14230664625436468
41, 58, -0.23909685046230236
41, 59, -0.34303475294014774
41, 60, -0.45498268683296034
41, 61, -0.57527638636205
41, 62, -0.7041435326805392
41, 63, -0.8429737986996306
41, 64, -0.9885877191832353
41, 65, -1.0850458569798096
41, 66, 0
41, 67, 0
41, 68, 0
41, 69, 0
41, 70, 0
41, 71, 0
41, 72, 0
41, 73, 0
41, 74, 0
41, 75, 0
41, 76, 0
41, 77, 0
41, 78, 0
41, 79, 0
41, 80, 0
42, 1, 0
42, 2, 0
42, 3, 0
42, 4, 0
42, 5, 0
42, 6, 0
42, 7, 0
42, 8, 0
42, 9, 0
42, 10, 0
42, 11, 0
42, 12, 0
42, 13, 0
42, 14, 0
42, 15, -1.0561494749644214
42, 16, -0.9604689277915456
42, 17, -0.8179205547985194
42, 18, -0.6825068235241611
42, 19, -0.5573269447048947
42, 20, -0.4407807847068987
42, 21, -0.33249046932610693
42, 22, -0.23202539278883616
42, 23, -0.13849096268761088
42, 24, -0.05452749170801932
42, 25, 0.021200124469051417
42, 26, 0.09193657473104157
42, 27, 0.1471374563316137
42, 28, 0.2002435662103991
42, 29, 0.2452626159850968
42, 30, 0.28808134118075956
42, 31, 0.3189756591506223
42, 32, 0.34668861740355533
42, 33, 0.36772357855174914
42, 34, 0.38473979388152135
42, 35, 0.3981772065732674
42, 36, 0.40766587279008415
42, 37, 0.4154642274787643
42, 38, 0.41970032760353154
42, 39, 0.42324379221839564
42, 40, 0.42343524065087207
42, 41, 0.42326423313349404
42, 42, 0.419740072140959
42, 43, 0.41552243841485775
42, 44, 0.4077470746454807
42, 45, 0.39828065697620446
42, 46, 0.38486665860310254
42, 47, 0.36787464779372264
42, 48, 0.3468652532012844
42, 49, 0.3191793765888088
42, 50, 0.288312671166235
42, 51, 0.24552539926257363
42, 52, 0.2005370702531991
42, 53, 0.1474630824025061
42, 54, 0.09228763855189054
42, 55, 0.021585208536649948
42, 56, -0.05411873196063626
42, 57, -0.13806901686643797
42, 58, -0.2316145088613209
42, 59, -0.33212349210689396
42, 60, -0.4405305399250968
42, 61, -0.5573275157264135
42, 62, -0.6829333266524192
42, 63, -0.8190979971932746
42, 64, -0.9630957607497039
42, 65, -1.0615412346623478
42, 66, 0
42, 67, 0
42, 68, 0
42, 69, 0
42, 70, 0
42, 71, 0
42, 72, 0
42, 73, 0
42, 74, 0
42, 75, 0
42, 76, 0
42, 77, 0
42, 78, 0
42, 79, 0
42, 80, 0
43, 1, 0
43, 2, 0
43, 3, 0
43, 4, 0
43, 5, 0
43, 6, 0
43, 7, 0
43, 8, 0
43, 9, 0
43, 10, 0
43, 11, 0
43, 12, 0
43, 13, 0
43, 14, 0
43, 15, -1.0116240111432084
43, 16, -0.9391432393680672
43, 17, -0.8009901801619823
43, 18, -0.668275480989872
43, 19, -0.5461494342410794
43, 20, -0.4324732252037418
43, 21, -0.32686306109371704
43, 22, -0.22887309539431483
43, 23, -0.13761843358688286
43, 24, -0.056643970428221835
43, 25, 0.017469837550319903
43, 26, 0.08553498393815633
43, 27, 0.1401576980559131
43, 28, 0.19112146222384652
43, 29, 0.2353032733548768
43, 30, 0.27768822567617846
43, 31, 0.307820192237411
43, 32, 0.3354570514868427
43, 33, 0.3562176813986999
43, 34, 0.3734014270182804
43, 35, 0.3868164328313612
43, 36, 0.3964960875843334
43, 37, 0.40434701590569877
43, 38, 0.4086980013207506
43, 39, 0.4122828696330082
43, 40, 0.4124986608238279
43, 41, 0.4123075665286533
43, 42, 0.40874888700887524
43, 43, 0.40441974799019853
43, 44, 0.3966007783964297
43, 45, 0.38694780620455504
43, 46, 0.37356735631378907
43, 47, 0.3564136173151574
43, 48, 0.33569342674729086
43, 49, 0.30809136733951087
43, 50, 0.2780055196099575
43, 51, 0.23566508720278234
43, 52, 0.1915302312504921
43, 53, 0.14061075001725332
43, 54, 0.0860026644487431
43, 55, 0.017990565944283034
43, 56, -0.05610447325364397
43, 57, -0.13704824591369724
43, 58, -0.22832101002182142
43, 59, -0.3263544845164209
43, 60, -0.4320691103776567
43, 61, -0.545993139982486
43, 62, -0.6686103597255937
43, 63, -0.8023061292020982
43, 64, -0.9421829637479309
43, 65, -1.0174501999961918
43, 66, 0
43, 67, 0
43, 68, 0
43, 69, 0
43, 70, 0
43, 71, 0
43, 72, 0
43, 73, 0
43, 74, 0
43, 75, 0
43, 76, 0
43, 77, 0
43, 78, 0
43, 79, 0
43, 80, 0
44, 1, 0
44, 2, 0
44, 3, 0
44, 4, 0
44, 5, 0
44, 6, 0
44, 7, 0
44, 8, 0
44, 9, 0
44, 10, 0
44, 11, 0
44, 12, 0
44, 13, 0
44, 14, 0
44, 15, -0.9464237584116282
44, 16, -0.9166106300218827
44, 17, -0.7830880113961436
44, 18, -0.6537208215652319
44, 19, -0.5341401132100784
44, 20, -0.4233753255446354
44, 21, -0.3204932999705734
44, 22, -0.22517881383940863
44, 23, -0.13803925078471846
44, 24, -0.06006778702259016
44, 25, 0.012004267487194908
44, 26, 0.07688588429985957
44, 27, 0.13125067802031842
44, 28, 0.17982596509308374
44, 29, 0.223410473435162
44, 30, 0.26484277025538366
44, 31, 0.2953526846951684
44, 32, 0.32328039943407116
44, 33, 0.34380731675134263
44, 34, 0.36140785278466525
44, 35, 0.37485927584730133
44, 36, 0.3848955829906414
44, 37, 0.39286108313869006
44, 38, 0.3974176857317372
44, 39, 0.4010825413478757
44, 40, 0.4013383647754748
44, 41, 0.40111358494068017
44, 42, 0.3974805816592333
44, 43, 0.39295222656485385
44, 44, 0.38502704483504074
44, 45, 0.37502745461395315
44, 46, 0.36162129891644457
44, 47, 0.34406570380800494
44, 48, 0.3235935321935576
44, 49, 0.29572237582245864
44, 50, 0.2652709259370679
44, 51, 0.22392363472679555
44, 52, 0.18041411545016242
44, 53, 0.13190013372694626
44, 54, 0.07756845973703694
44, 55, 0.01275073226427689
44, 56, -0.059306088473982874
44, 57, -0.1372921749288459
44, 58, -0.22445952430180424
44, 59, -0.31981953342232716
44, 60, -0.4227865594399402
44, 61, -0.5338009608318813
44, 62, -0.6540164725680994
44, 63, -0.7845530951374776
44, 64, -0.9200152161323363
44, 65, -0.9514313987791103
44, 66, 0
44, 67, 0
44, 68, 0
44, 69, 0
44, 70, 0
44, 71, 0
44, 72, 0
44, 73, 0
44, 74, 0
44, 75, 0
44, 76, 0
44, 77, 0
44, 78, 0
44, 79, 0
44, 80, 0
45, 1, 0
45, 2, 0
45, 3, 0
45, 4, 0
45, 5, 0
45, 6, 0
45, 7, 0
45, 8, 0
45, 9, 0
45, 10, 0
45, 11, 0
45, 12, 0
45, 13, 0
45, 14, 0
45, 15, -0.8676607156763916
45, 16, -0.8916717443339327
45, 17, -0.766856833850753
45, 18, -0.6425732520869882
45, 19, -0.5265844353511647
45, 20, -0.41975436332307337
45, 21, -0.3202825834236448
45, 22, -0.22766048388801785
45, 23, -0.14344840452185434
45, 24, -0.06639279033895837
45, 25, 0.005009405929964576
45, 26, 0.06758899156540724
45, 27, 0.12239781194284619
45, 28, 0.16857095726424182
45, 29, 0.21126842241862592
45, 30, 0.2513135602979589
45, 31, 0.2826417672506888
45, 32, 0.3108615351006079
45, 33, 0.33116660201340076
45, 34, 0.34921987770206936
45, 35, 0.36271298543108865
45, 36, 0.3731226356561248
45, 37, 0.38120519760389115
45, 38, 0.38599882419128456
45, 39, 0.38975480685552605
45, 40, 0.3900599373523256
45, 41, 0.38979344314632813
45, 42, 0.3860745204875003
45, 43, 0.38131726534990396
45, 44, 0.3732830128790787
45, 45, 0.36292189536549946
45, 46, 0.3494837394215933
45, 47, 0.331490660373476
45, 48, 0.31125249775142766
45, 49, 0.2831102480578719
45, 50, 0.25186715226926576
45, 51, 0.21193041993783088
45, 52, 0.16934082193526684
45, 53, 0.12326514808002464
45, 54, 0.06854509676678039
45, 55, 0.006073004963555118
45, 56, -0.06524161116683332
45, 57, -0.14223343919096626
45, 58, -0.22638553041161805
45, 59, -0.3189903597328474
45, 60, -0.41849520516820027
45, 61, -0.5255697416677692
45, 62, -0.6422553128511815
45, 63, -0.7679661124151089
45, 64, -0.8952906908593717
45, 65, -0.8722227929209394
45, 66, 0
45, 67, 0
45, 68, 0
45, 69, 0
45, 70, 0
45, 71, 0
45, 72, 0
45, 73, 0
45, 74, 0
45, 75, 0
45, 76, 0
45, 77, 0
45, 78, 0
45, 79, 0
45, 80, 0
46, 1, 0
46, 2, 0
46, 3, 0
46, 4, 0
46, 5, 0
46, 6, 0
46, 7, 0
46, 8, 0
46, 9, 0
46, 10, 0
46, 11, 0
46, 12, 0
46, 13, 0
46, 14, 0
46, 15, -0.06630119069091432
46, 16, -0.8709347168145141
46, 17, -0.7575868563389694
46, 18, -0.6363937291092918
46, 19, -0.5231349116726703
46, 20, -0.41782600036716827
46, 21, -0.3202477124246847
46, 22, -0.23023481888630443
46, 23, -0.14755242431393095
46, 24, -0.07243723900454241
46, 25, -0.003065124096148047
46, 26, 0.05659479706211148
46, 27, 0.11168804193339094
46, 28, 0.15628455345831938
46, 29, 0.19838720761467105
46, 30, 0.23700523522128603
46, 31, 0.26921288063503546
46, 32, 0.2971467154796641
46, 33, 0.31774885809771747
46, 34, 0.33627671625675537
46, 35, 0.3497830977716959
46, 36, 0.36066715724590026
46, 37, 0.3688925083649698
46, 38, 0.37397726884454796
46, 39, 0.3778381769431146
46, 40, 0.37820473401980326
46, 41, 0.3778826765383343
46, 42, 0.3740621997808856
46, 43, 0.3690198164002948
46, 44, 0.36084918223232076
46, 45, 0.35002293028213155
46, 46, 0.3365800057137964
46, 47, 0.3181266474578144
46, 48, 0.29760663391294334
46, 49, 0.26976815219389394
46, 50, 0.23767302014837083
46, 51, 0.1991857157954237
46, 52, 0.15721867888332466
46, 53, 0.11274431515718249
46, 54, 0.05781002719830734
46, 55, -0.0016974156697548654
46, 56, -0.07088140520013449
46, 57, -0.14583785334157884
46, 58, -0.22837421635043223
46, 59, -0.31823513217489896
46, 60, -0.4156544614093628
46, 61, -0.5208960550712337
46, 62, -0.6343444552013913
46, 63, -0.7562352159756707
46, 64, -0.8706724707495057
46, 65, -0.041106386344514585
46, 66, 0
46, 67, 0
46, 68, 0
46, 69, 0
46, 70, 0
46, 71, 0
46, 72, 0
46, 73, 0
46, 74, 0
46, 75, 0
46, 76, 0
46, 77, 0
46, 78, 0
46, 79, 0
46, 80, 0
47, 1, 0
47, 2, 0
47, 3, 0
47, 4, 0
47, 5, 0
47, 6, 0
47, 7, 0
47, 8, 0
47, 9, 0
47, 10, 0
47, 11, 0
47, 12, 0
47, 13, 0
47, 14, 0
47, 15, 0
47, 16, -0.8379417331592043
47, 17, -0.7455645156703282
47, 18, -0.6284754477425382
47, 19, -0.5178281112224478
47, 20, -0.41579512328683316
47, 21, -0.3226089030642513
47, 22, -0.23606240164446904
47, 23, -0.15595600684177302
47, 24, -0.08173294546598067
47, 25, -0.014532878288440847
47, 26, 0.04548773486874269
47, 27, 0.10146540399803483
47, 28, 0.1438222784246515
47, 29, 0.18486620376335242
47, 30, 0.2221507111144491
47, 31, 0.2552379515136905
47, 32, 0.28252967040486876
47, 33, 0.30397436447034687
47, 34, 0.32304341009391324
47, 35, 0.33662906811865584
47, 36, 0.3480142004079612
47, 37, 0.35641249147713266
47, 38, 0.36181575288261264
47, 39, 0.36576021792748814
47, 40, 0.36619119087466034
47, 41, 0.36581013030965637
47, 42, 0.3619095585144011
47, 43, 0.35655407306002784
47, 44, 0.3482165883535355
47, 45, 0.33689814126456774
47, 46, 0.3233836654345822
47, 47, 0.3044033005657989
47, 48, 0.28305807504394853
47, 49, 0.2558790900970262
47, 50, 0.22293354101793547
47, 51, 0.18580377840663292
47, 52, 0.14492706245980466
47, 53, 0.10271779449007332
47, 54, 0.0469651753467167
47, 55, -0.01283572531472733
47, 56, -0.07978892574889614
47, 57, -0.15373851061924879
47, 58, -0.2335589544689962
47, 59, -0.319782287804753
47, 60, -0.41256562549328596
47, 61, -0.5141499623384274
47, 62, -0.6243861757182866
47, 63, -0.7411977773340012
47, 64, -0.833177268495026
47, 65, 0
47, 66, 0
47, 67, 0
47, 68, 0
47, 69, 0
47, 70, 0
47, 71, 0
47, 72, 0
47, 73, 0
47, 74, 0
47, 75, 0
47, 76, 0
47, 77, 0
47, 78, 0
47, 79, 0
47, 80, 0
48, 1, 0
48, 2, 0
48, 3, 0
48, 4, 0
48, 5, 0
48, 6, 0
48, 7, 0
48, 8, 0
48, 9, 0
48, 10, 0
48, 11, 0
48, 12, 0
48, 13, 0
48, 14, 0
48, 15, 0
48, 16, -0.7850834846713217
48, 17, -0.7339937721247725
48, 18, -0.6262707824713619
48, 19, -0.5201004178943192
48, 20, -0.4211127206321893
48, 21, -0.3288591371542189
48, 22, -0.24308843559846072
48, 23, -0.1635594252330508
48, 24, -0.09027100227848603
48, 25, -0.02583399827167704
48, 26, 0.03307474168875179
48, 27, 0.08645925649812386
48, 28, 0.13081825640745973
48, 29, 0.17090992245681708
48, 30, 0.2072350980195834
48, 31, 0.2409822096875853
48, 32, 0.26759465089408685
48, 33, 0.28970088175709424
48, 34, 0.3091966654674149
48, 35, 0.3227610871286333
48, 36, 0.3345526173228145
48, 37, 0.3430234891540128
48, 38, 0.3486939761727522
48, 39, 0.3527398807279847
48, 40, 0.3532418723309295
48, 41, 0.35279265298233936
48, 42, 0.3487912209349068
48, 43, 0.3431726976245294
48, 44, 0.33476730222231316
48, 45, 0.32305094631166464
48, 46, 0.3095663929965574
48, 47, 0.290176832170523
48, 48, 0.26819076424644456
48, 49, 0.24171118425766394
48, 50, 0.20813647313700753
48, 51, 0.1719965022084438
48, 52, 0.1320992480786607
48, 53, 0.08794726211311668
48, 54, 0.034820883875060944
48, 55, -0.023781110640350656
48, 56, -0.08789360004717518
48, 57, -0.16079633444931082
48, 58, -0.239894663443627
48, 59, -0.3251740622667608
48, 60, -0.41680354885583226
48, 61, -0.5149643407825525
48, 62, -0.620021679827625
48, 63, -0.7262915432363143
48, 64, -0.7741735260830619
48, 65, 0
48, 66, 0
48, 67, 0
48, 68, 0
48, 69, 0
48, 70, 0
48, 71, 0
48, 72, 0
48, 73, 0
48, 74, 0
48, 75, 0
48, 76, 0
48, 77, 0
48, 78, 0
48, 79, 0
48, 80, 0
49, 1, 0
49, 2, 0
49, 3, 0
49, 4, 0
49, 5, 0
49, 6, 0
49, 7, 0
49, 8, 0
49, 9, 0
49, 10, 0
49, 11, 0
49, 12, 0
49, 13, 0
49, 14, 0
49, 15, 0
49, 16, -0.5130315622701808
49, 17, -0.7265747017756333
49, 18, -0.628164767747938
49, 19, -0.5237044835949827
49, 20, -0.4251201072849369
49, 21, -0.33331754561252236
49, 22, -0.24910685189441303
49, 23, -0.17342259773450955
49, 24, -0.10358119398746704
49, 25, -0.03921080969756552
49, 26, 0.020402778170258717
49, 27, 0.07233857079199606
49, 28, 0.11724736070477279
49, 29, 0.1560269435028389
49, 30, 0.19185749818078898
49, 31, 0.22589681654707333
49, 32, 0.25206846996334253
49, 33, 0.27479801977109236
49, 34, 0.29432551798566237
49, 35, 0.30844753012287507
49, 36, 0.32071516695926366
49, 37, 0.3293532421222936
49, 38, 0.33534863828598227
49, 39, 0.33951012180984175
49, 40, 0.34008621929385974
49, 41, 0.33956497829261795
49, 42, 0.335447500462743
49, 43, 0.3295064527218408
49, 44, 0.320937404755601
49, 45, 0.3087518581884427
49, 46, 0.29472161219513454
49, 47, 0.27530865318721276
49, 48, 0.2527177891725574
49, 49, 0.22670393327023614
49, 50, 0.19286596881765156
49, 51, 0.1572491100346272
49, 52, 0.11869354528080886
49, 53, 0.07407690695185361
49, 54, 0.022425616540487716
49, 55, -0.036803392410450164
49, 56, -0.10074220729199844
49, 57, -0.1700799815737289
49, 58, -0.24516159837370205
49, 59, -0.3286951188040754
49, 60, -0.4195536389487342
49, 61, -0.5168342609142228
49, 62, -0.6196431865579286
49, 63, -0.715807286660316
49, 64, -0.4954702372270291
49, 65, 0
49, 66, 0
49, 67, 0
49, 68, 0
49, 69, 0
49, 70, 0
49, 71, 0
49, 72, 0
49, 73, 0
49, 74, 0
49, 75, 0
49, 76, 0
49, 77, 0
49, 78, 0
49, 79, 0
49, 80, 0
50, 1, 0
50, 2, 0
50, 3, 0
50, 4, 0
50, 5, 0
50, 6, 0
50, 7, 0
50, 8, 0
50, 9, 0
50, 10, 0
50, 11, 0
50, 12, 0
50, 13, 0
50, 14, 0
50, 15, 0
50, 16, 0
50, 17, -0.7059286910368145
50, 18, -0.6275546400510187
50, 19, -0.5255056237908945
50, 20, -0.4313906226664015
50, 21, -0.3439781325220781
50, 22, -0.26228016721299835
50, 23, -0.18634834148283025
50, 24, -0.11610883581830772
50, 25, -0.05127899618672955
50, 26, 0.005460261679970689
50, 27, 0.056464017208682285
50, 28, 0.10309779477260889
50, 29, 0.14334424203018237
50, 30, 0.17766653083952694
50, 31, 0.20862603931251253
50, 32, 0.23532482693067777
50, 33, 0.259163070384588
50, 34, 0.279101086552931
50, 35, 0.29370568797269203
50, 36, 0.306286076544083
50, 37, 0.3149768057598793
50, 38, 0.3211792520028077
50, 39, 0.3253813663094183
50, 40, 0.3260116067148145
50, 41, 0.3254337932039045
50, 42, 0.32127345253067263
50, 43, 0.3151263579244607
50, 44, 0.3065084433826701
50, 45, 0.29401826407396553
50, 46, 0.2795167334189365
50, 47, 0.25970464823017253
50, 48, 0.23602831246879716
50, 49, 0.2095200458672059
50, 50, 0.17876386819721662
50, 51, 0.14468129795181073
50, 52, 0.10469811836171669
50, 53, 0.05840526304921298
50, 54, 0.0077862583576600464
50, 55, -0.048493156733569506
50, 56, -0.11278385285545134
50, 57, -0.18238915612306772
50, 58, -0.2575630252120129
50, 59, -0.33831530481256095
50, 60, -0.4243967614679812
50, 61, -0.5166049395351472
50, 62, -0.6163595143469477
50, 63, -0.6914409226122943
50, 64, 0
50, 65, 0
50, 66, 0
50, 67, 0
50, 68, 0
50, 69, 0
50, 70, 0
50, 71, 0
50, 72, 0
50, 73, 0
50, 74, 0
50, 75, 0
50, 76, 0
50, 77, 0
50, 78, 0
50, 79, 0
50, 80, 0
51, 1, 0
51, 2, 0
51, 3, 0
51, 4, 0
51, 5, 0
51, 6, 0
51, 7, 0
51, 8, 0
51, 9, 0
51, 10, 0
51, 11, 0
51, 12, 0
51, 13, 0
51, 14, 0
51, 15, 0
51, 16, 0
51, 17, -0.6472604231053664
51, 18, -0.6300293717287652
51, 19, -0.538226172241917
51, 20, -0.4445356649338387
51, 21, -0.3559428368531531
51, 22, -0.2739082541024066
51, 23, -0.19766836618385797
51, 24, -0.12923894054846413
51, 25, -0.06728109996297925
51, 26, -0.01055211559272768
51, 27, 0.04137889417413733
51, 28, 0.09352480742371681
51, 29, 0.1356305226867955
51, 30, 0.16496371918455227
51, 31, 0.18902312156355486
51, 32, 0.2160235952778177
51, 33, 0.24069644398824774
51, 34, 0.26125755523881744
51, 35, 0.2770008183369281
51, 36, 0.2904646301538828
51, 37, 0.2996395377672637
51, 38, 0.30627489455634604
51, 39, 0.31068278001292166
51, 40, 0.31138002594579023
51, 41, 0.31072948694732977
51, 42, 0.3063556208096978
51, 43, 0.2997712476903647
51, 44, 0.29066848646057386
51, 45, 0.2773014529089468
51, 46, 0.2616719583074859
51, 47, 0.24125284526390095
51, 48, 0.2167729694194255
51, 49, 0.18999677256194583
51, 50, 0.16613109798200673
51, 51, 0.13702589454460437
51, 52, 0.09523671968217494
51, 53, 0.043531431265564066
51, 54, -0.00795666352295558
51, 55, -0.06415814873143497
51, 56, -0.12546705302261052
51, 57, -0.19303792001458595
51, 58, -0.2683451231804348
51, 59, -0.34924746078313956
51, 60, -0.4361896282090796
51, 61, -0.5276129654714232
51, 62, -0.6162576261882189
51, 63, -0.6283909547871983
51, 64, 0
51, 65, 0
51, 66, 0
51, 67, 0
51, 68, 0
51, 69, 0
51, 70, 0
51, 71, 0
51, 72, 0
51, 73, 0
51, 74, 0
51, 75, 0
51, 76, 0
51, 77, 0
51, 78, 0
51, 79, 0
51, 80, 0
52, 1, 0
52, 2, 0
52, 3, 0
52, 4, 0
52, 5, 0
52, 6, 0
52, 7, 0
52, 8, 0
52, 9, 0
52, 10, 0
52, 11, 0
52, 12, 0
52, 13, 0
52, 14, 0
52, 15, 0
52, 16, 0
52, 17, 0
52, 18, -0.6267741309798919
52, 19, -0.5510709941440832
52, 20, -0.4571989416674178
52, 21, -0.36804351232878924
52, 22, -0.28753579487396747
52, 23, -0.21392332609298123
52, 24, -0.14576235985601171
52, 25, -0.08296824218906744
52, 26, -0.024647587496780192
52, 27, 0.032768291152119156
52, 28, 0.08624260568351466
52, 29, 0.12352105985521003
52, 30, 0.14872522105296365
52, 31, 0.17497825950092172
52, 32, 0.20194985088045592
52, 33, 0.22451143561680048
52, 34, 0.24480726230259375
52, 35, 0.2601117627609495
52, 36, 0.2739196825914866
52, 37, 0.2834523296066278
52, 38, 0.290418538140397
52, 39, 0.2950033902806788
52, 40, 0.29574460121039314
52, 41, 0.29503780787325545
52, 42, 0.29047692177590745
52, 43, 0.2835565744367709
52, 44, 0.27409659637911515
52, 45, 0.26039129148934204
52, 46, 0.24520214401791288
52, 47, 0.22506002025664001
52, 48, 0.20269174404215734
52, 49, 0.17598030088087183
52, 50, 0.14997642546919457
52, 51, 0.12499314631343245
52, 52, 0.08803646521218525
52, 53, 0.03503472842382156
52, 54, -0.021799398462854787
52, 55, -0.07949960021111685
52, 56, -0.14154558813937168
52, 57, -0.20874092701557495
52, 58, -0.28110698653012284
52, 59, -0.3601059288233483
52, 60, -0.4474110383189023
52, 61, -0.5385933011024514
52, 62, -0.6105680545185233
52, 63, 0
52, 64, 0
52, 65, 0
52, 66, 0
52, 67, 0
52, 68, 0
52, 69, 0
52, 70, 0
52, 71, 0
52, 72, 0
52, 73, 0
52, 74, 0
52, 75, 0
52, 76, 0
52, 77, 0
52, 78, 0
52, 79, 0
52, 80, 0
53, 1, 0
53, 2, 0
53, 3, 0
53, 4, 0
53, 5, 0
53, 6, 0
53, 7, 0
53, 8, 0
53, 9, 0
53, 10, 0
53, 11, 0
53, 12, 0
53, 13, 0
53, 14, 0
53, 15, 0
53, 16, 0
53, 17, 0
53, 18, -0.5778917901432041
53, 19, -0.559982927389173
53, 20, -0.4720954498168566
53, 21, -0.3858676789771306
53, 22, -0.3048028192087182
53, 23, -0.22996630285233166
53, 24, -0.16085749728320045
53, 25, -0.09599204809537439
53, 26, -0.0345645432919579
53, 27, 0.02338539374842962
53, 28, 0.06855231550515911
53, 29, 0.10082563939710949
53, 30, 0.1313913140265397
53, 31, 0.16194670460735383
53, 32, 0.18967796623599822
53, 33, 0.21099400631565413
53, 34, 0.23047505966030546
53, 35, 0.24560645137809745
53, 36, 0.2584507352813061
53, 37, 0.2681560741738031
53, 38, 0.274779517042835
53, 39, 0.2795110931576014
53, 40, 0.280142689915413
53, 41, 0.27952517272585276
53, 42, 0.27479684302339363
53, 43, 0.26819754764081455
53, 44, 0.2585555186614507
53, 45, 0.24580991532281857
53, 46, 0.23080661673941769
53, 47, 0.2114948774106198
53, 48, 0.19037151039630001
53, 49, 0.16294052453353902
53, 50, 0.13274056333350429
53, 51, 0.102489120679965
53, 52, 0.07052110630430779
53, 53, 0.025797165986092142
53, 54, -0.031537195039948146
53, 55, -0.09223396817656927
53, 56, -0.15623071848473502
53, 57, -0.22428033845329515
53, 58, -0.2977673863311446
53, 59, -0.3770241948519666
53, 60, -0.4608613934471218
53, 61, -0.5454351774647316
53, 62, -0.560178769383566
53, 63, 0
53, 64, 0
53, 65, 0
53, 66, 0
53, 67, 0
53, 68, 0
53, 69, 0
53, 70, 0
53, 71, 0
53, 72, 0
53, 73, 0
53, 74, 0
53, 75, 0
53, 76, 0
53, 77, 0
53, 78, 0
53, 79, 0
53, 80, 0
54, 1, 0
54, 2, 0
54, 3, 0
54, 4, 0
54, 5, 0
54, 6, 0
54, 7, 0
54, 8, 0
54, 9, 0
54, 10, 0
54, 11, 0
54, 12, 0
54, 13, 0
54, 14, 0
54, 15, 0
54, 16, 0
54, 17, 0
54, 18, 0
54, 19, -0.559979965757335
54, 20, -0.4919642485081473
54, 21, -0.4053945249149689
54, 22, -0.3224673092852396
54, 23, -0.24606249021294974
54, 24, -0.17504459949987863
54, 25, -0.10834238775982613
54, 26, -0.04548592870986973
54, 27, 0.005556512072309621
54, 28, 0.04418820946133258
54, 29, 0.08002654807009928
54, 30, 0.11395921517738153
54, 31, 0.14593715472277483
54, 32, 0.17197964011737257
54, 33, 0.19559293352025334
54, 34, 0.2145766036063938
54, 35, 0.23103126938523075
54, 36, 0.24323833166586079
54, 37, 0.2532482413893593
54, 38, 0.25929416639101377
54, 39, 0.2641804745032385
54, 40, 0.2645682592005299
54, 41, 0.2641704020176983
54, 42, 0.25926452282533363
54, 43, 0.25321468059894237
54, 44, 0.24326676040116535
54, 45, 0.23113826407462265
54, 46, 0.2148253511489222
54, 47, 0.19602605181985952
54, 48, 0.17266077150234604
54, 49, 0.1469248853456324
54, 50, 0.11535005624149366
54, 51, 0.08190564455370394
54, 52, 0.04644658946432227
54, 53, 0.008216593692157291
54, 54, -0.04223203020704718
54, 55, -0.10428070164236392
54, 56, -0.17000250281425044
54, 57, -0.23983571029115225
54, 58, -0.31476593985527745
54, 59, -0.39570538982804093
54, 60, -0.47957673795382244
54, 61, -0.5439235108483866
54, 62, 0
54, 63, 0
54, 64, 0
54, 65, 0
54, 66, 0
54, 67, 0
54, 68, 0
54, 69, 0
54, 70, 0
54, 71, 0
54, 72, 0
54, 73, 0
54, 74, 0
54, 75, 0
54, 76, 0
54, 77, 0
54, 78, 0
54, 79, 0
54, 80, 0
55, 1, 0
55, 2, 0
55, 3, 0
55, 4, 0
55, 5, 0
55, 6, 0
55, 7, 0
55, 8, 0
55, 9, 0
55, 10, 0
55, 11, 0
55, 12, 0
55, 13, 0
55, 14, 0
55, 15, 0
55, 16, 0
55, 17, 0
55, 18, 0
55, 19, -0.2250854283855628
55, 20, -0.5051088463551163
55, 21, -0.42496157702034343
55, 22, -0.3405853843202612
55, 23, -0.26211405667093235
55, 24, -0.1888831277616837
55, 25, -0.12038870455387582
55, 26, -0.06374412647999092
55, 27, -0.018159763013875858
55, 28, 0.02363283532890704
55, 29, 0.06160841376216493
55, 30, 0.09692282710637239
55, 31, 0.1288847085574694
55, 32, 0.1547820065504585
55, 33, 0.1794124188583237
55, 34, 0.1970992578018096
55, 35, 0.2143534679863016
55, 36, 0.22581714186113624
55, 37, 0.2367642306725285
55, 38, 0.24248741484496883
55, 39, 0.2477876373534232
55, 40, 0.24791444339689964
55, 41, 0.24773967331913424
55, 42, 0.24237873995671466
55, 43, 0.23659495974202133
55, 44, 0.22570100766050707
55, 45, 0.21430050098251502
55, 46, 0.19722438598327535
55, 47, 0.17973653015510171
55, 48, 0.1553978145282129
55, 49, 0.12985479914318748
55, 50, 0.09836246587580698
55, 51, 0.06359109711477964
55, 52, 0.02623453863555454
55, 53, -0.015063378379311796
55, 54, -0.06010613758466942
55, 55, -0.11602691000465025
55, 56, -0.183443676525349
55, 57, -0.2554138672778288
55, 58, -0.3321893444092581
55, 59, -0.4144917912904852
55, 60, -0.49179607992393115
55, 61, -0.23268648628790323
55, 62, 0
55, 63, 0
55, 64, 0
55, 65, 0
55, 66, 0
55, 67, 0
55, 68, 0
55, 69, 0
55, 70, 0
55, 71, 0
55, 72, 0
55, 73, 0
55, 74, 0
55, 75, 0
55, 76, 0
55, 77, 0
55, 78, 0
55, 79, 0
55, 80, 0
56, 1, 0
56, 2, 0
56, 3, 0
56, 4, 0
56, 5, 0
56, 6, 0
56, 7, 0
56, 8, 0
56, 9, 0
56, 10, 0
56, 11, 0
56, 12, 0
56, 13, 0
56, 14, 0
56, 15, 0
56, 16, 0
56, 17, 0
56, 18, 0
56, 19, 0
56, 20, -0.4797203444442688
56, 21, -0.44168706113293643
56, 22, -0.3598081966893909
56, 23, -0.27893438073023263
56, 24, -0.20333213250303142
56, 25, -0.1393163868127592
56, 26, -0.08651271938364691
56, 27, -0.03823784837450968
56, 28, 0.004922779681332935
56, 29, 0.043958100374991746
56, 30, 0.08116551491167208
56, 31, 0.11072272191081323
56, 32, 0.13774866815008338
56, 33, 0.16080878525323664
56, 34, 0.17951279915860274
56, 35, 0.196454264586327
56, 36, 0.20827903977421422
56, 37, 0.21937918518370886
56, 38, 0.2250115992655926
56, 39, 0.2304463265599108
56, 40, 0.23039809019551116
56, 41, 0.23034987022281597
56, 42, 0.2248156612550471
56, 43, 0.21906996586248756
56, 44, 0.2079882588322554
56, 45, 0.19619749731622388
56, 46, 0.179424399870395
56, 47, 0.16095613651733284
56, 48, 0.13822716921883063
56, 49, 0.11163688674973016
56, 50, 0.08263307089435593
56, 51, 0.046088986219626225
56, 52, 0.007835481767371205
56, 53, -0.03459808534032015
56, 54, -0.08223392798118746
56, 55, -0.13436395152130726
56, 56, -0.19755991509025947
56, 57, -0.2717284532124937
56, 58, -0.35079347580869963
56, 59, -0.4305944329019618
56, 60, -0.4680720343070611
56, 61, 0
56, 62, 0
56, 63, 0
56, 64, 0
56, 65, 0
56, 66, 0
56, 67, 0
56, 68, 0
56, 69, 0
56, 70, 0
56, 71, 0
56, 72, 0
56, 73, 0
56, 74, 0
56, 75, 0
56, 76, 0
56, 77, 0
56, 78, 0
56, 79, 0
56, 80, 0
57, 1, 0
57, 2, 0
57, 3, 0
57, 4, 0
57, 5, 0
57, 6, 0
57, 7, 0
57, 8, 0
57, 9, 0
57, 10, 0
57, 11, 0
57, 12, 0
57, 13, 0
57, 14, 0
57, 15, 0
57, 16, 0
57, 17, 0
57, 18, 0
57, 19, 0
57, 20, 0
57, 21, -0.43109622931556313
57, 22, -0.37668458341610644
57, 23, -0.29625000762539727
57, 24, -0.22333962155198167
57, 25, -0.16171113533499054
57, 26, -0.10599094582655164
57, 27, -0.05588855159043238
57, 28, -0.012844502507594205
57, 29, 0.027809052691177782
57, 30, 0.06366475473488918
57, 31, 0.09291573897417704
57, 32, 0.12112798333804925
57, 33, 0.14239167235644234
57, 34, 0.16197499065358312
57, 35, 0.17793284563878933
57, 36, 0.19022863930608272
57, 37, 0.200840255405361
57, 38, 0.2068130204712496
57, 39, 0.212280137455907
57, 40, 0.21219056210071244
57, 41, 0.21210102041111678
57, 42, 0.20645945876262306
57, 43, 0.20029809400126639
57, 44, 0.18966376029452753
57, 45, 0.17740358945918258
57, 46, 0.16157904514335225
57, 47, 0.1422678138397961
57, 48, 0.12136973047378719
57, 49, 0.09370403934019592
57, 50, 0.06513468404575933
57, 51, 0.030092716068341272
57, 52, -0.009645946165357253
57, 53, -0.0515691246043241
57, 54, -0.10085692000858723
57, 55, -0.15588394452833026
57, 56, -0.21681465241280853
57, 57, -0.2885160345872304
57, 58, -0.36717618884831393
57, 59, -0.4201731387754095
57, 60, 0
57, 61, 0
57, 62, 0
57, 63, 0
57, 64, 0
57, 65, 0
57, 66, 0
57, 67, 0
57, 68, 0
57, 69, 0
57, 70, 0
57, 71, 0
57, 72, 0
57, 73, 0
57, 74, 0
57, 75, 0
57, 76, 0
57, 77, 0
57, 78, 0
57, 79, 0
57, 80, 0
58, 1, 0
58, 2, 0
58, 3, 0
58, 4, 0
58, 5, 0
58, 6, 0
58, 7, 0
58, 8, 0
58, 9, 0
58, 10, 0
58, 11, 0
58, 12, 0
58, 13, 0
58, 14, 0
58, 15, 0
58, 16, 0
58, 17, 0
58, 18, 0
58, 19, 0
58, 20, 0
58, 21, 0
58, 22, -0.37466421203351075
58, 23, -0.31431204621975534
58, 24, -0.2447687794245247
58, 25, -0.18041879962475038
58, 26, -0.12208886544944489
58, 27, -0.07373947702065611
58, 28, -0.028986617259642963
58, 29, 0.013278827012387131
58, 30, 0.045589217698714046
58, 31, 0.07585127495541312
58, 32, 0.10334888573893616
58, 33, 0.12402026778377598
58, 34, 0.14426668663949743
58, 35, 0.15900079762814037
58, 36, 0.1718687824090344
58, 37, 0.18201249855301266
58, 38, 0.18832991801167231
58, 39, 0.19377256328423575
58, 40, 0.19363005635602354
58, 41, 0.19348761054759173
58, 42, 0.1877717241422107
58, 43, 0.181158219206824
58, 44, 0.1708877213307923
58, 45, 0.1580229573835558
58, 46, 0.14337915647820262
58, 47, 0.1234863690071501
58, 48, 0.10323837075484393
58, 49, 0.07639907958050014
58, 50, 0.04699092747942442
58, 51, 0.015764308793286313
58, 52, -0.02540388882383113
58, 53, -0.06888798541567831
58, 54, -0.11581362067253219
58, 55, -0.17320492725124953
58, 56, -0.23670051070246503
58, 57, -0.3056088207470204
58, 58, -0.36537409520828396
58, 59, 0
58, 60, 0
58, 61, 0
58, 62, 0
58, 63, 0
58, 64, 0
58, 65, 0
58, 66, 0
58, 67, 0
58, 68, 0
58, 69, 0
58, 70, 0
58, 71, 0
58, 72, 0
58, 73, 0
58, 74, 0
58, 75, 0
58, 76, 0
58, 77, 0
58, 78, 0
58, 79, 0
58, 80, 0
59, 1, 0
59, 2, 0
59, 3, 0
59, 4, 0
59, 5, 0
59, 6, 0
59, 7, 0
59, 8, 0
59, 9, 0
59, 10, 0
59, 11, 0
59, 12, 0
59, 13, 0
59, 14, 0
59, 15, 0
59, 16, 0
59, 17, 0
59, 18, 0
59, 19, 0
59, 20, 0
59, 21, 0
59, 22, 0
59, 23, -0.30812314469141827
59, 24, -0.25781955515063937
59, 25, -0.19406235461463442
59, 26, -0.13855210752872066
59, 27, -0.08928304516311533
59, 28, -0.04292978411361498
59, 29, -0.0035511491318068597
59, 30, 0.02858084663585741
59, 31, 0.05974148811103146
59, 32, 0.08458551611164739
59, 33, 0.10571313656148243
59, 34, 0.12636628988239543
59, 35, 0.13987923540372565
59, 36, 0.15323765748363838
59, 37, 0.16281072592529017
59, 38, 0.16947589200276017
59, 39, 0.1748463629626723
59, 40, 0.174631759839262
59, 41, 0.17441725695854557
59, 42, 0.16863986884028975
59, 43, 0.16153918490154365
59, 44, 0.1516899969426702
59, 45, 0.13830238393747468
59, 46, 0.1247697573422468
59, 47, 0.1045736101274106
59, 48, 0.08396295468365306
59, 49, 0.059862762739342185
59, 50, 0.029779239767712667
59, 51, -0.0009549548966306613
59, 52, -0.03881955213786957
59, 53, -0.08364040056469273
59, 54, -0.1311327629306937
59, 55, -0.18508271407810428
59, 56, -0.24779303078816012
59, 57, -0.29801255495906853
59, 58, 0
59, 59, 0
59, 60, 0
59, 61, 0
59, 62, 0
59, 63, 0
59, 64, 0
59, 65, 0
59, 66, 0
59, 67, 0
59, 68, 0
59, 69, 0
59, 70, 0
59, 71, 0
59, 72, 0
59, 73, 0
59, 74, 0
59, 75, 0
59, 76, 0
59, 77, 0
59, 78, 0
59, 79, 0
59, 80, 0
60, 1, 0
60, 2, 0
60, 3, 0
60, 4, 0
60, 5, 0
60, 6, 0
60, 7, 0
60, 8, 0
60, 9, 0
60, 10, 0
60, 11, 0
60, 12, 0
60, 13, 0
60, 14, 0
60, 15, 0
60, 16, 0
60, 17, 0
60, 18, 0
60, 19, 0
60, 20, 0
60, 21, 0
60, 22, 0
60, 23, 0
60, 24, -0.23875961587088185
60, 25, -0.20031555824998631
60, 26, -0.15096809297224395
60, 27, -0.10116964767345124
60, 28, -0.05387386837367954
60, 29, -0.019839848028497597
60, 30, 0.013020987624890816
60, 31, 0.0447876757775196
60, 32, 0.06620464920464231
60, 33, 0.08754376993839834
60, 34, 0.10665826463889373
60, 35, 0.12052625247843113
60, 36, 0.1342812717172103
60, 37, 0.14324866087027607
60, 38, 0.15030089771387728
60, 39, 0.15556490842806076
60, 40, 0.15524069276915914
60, 41, 0.15491657529240493
60, 42, 0.14907603718679951
60, 43, 0.14141247946885827
60, 44, 0.13195231373209867
60, 45, 0.118127452409834
60, 46, 0.10420041754668755
60, 47, 0.08548981862237844
60, 48, 0.0647645697817385
60, 49, 0.04417072800567572
60, 50, 0.013780717893365909
60, 51, -0.01726426430220596
60, 52, -0.04900120469821989
60, 53, -0.0946178764953786
60, 54, -0.14244795510877215
60, 55, -0.1892732718829031
60, 56, -0.22690601958207485
60, 57, 0
60, 58, 0
60, 59, 0
60, 60, 0
60, 61, 0
60, 62, 0
60, 63, 0
60, 64, 0
60, 65, 0
60, 66, 0
60, 67, 0
60, 68, 0
60, 69, 0
60, 70, 0
60, 71, 0
60, 72, 0
60, 73, 0
60, 74, 0
60, 75, 0
60, 76, 0
60, 77, 0
60, 78, 0
60, 79, 0
60, 80, 0
61, 1, 0
61, 2, 0
61, 3, 0
61, 4, 0
61, 5, 0
61, 6, 0
61, 7, 0
61, 8, 0
61, 9, 0
61, 10, 0
61, 11, 0
61, 12, 0
61, 13, 0
61, 14, 0
61, 15, 0
61, 16, 0
61, 17, 0
61, 18, 0
61, 19, 0
61, 20, 0
61, 21, 0
61, 22, 0
61, 23, 0
61, 24, 0
61, 25, -0.16566200682761478
61, 26, -0.15018457216999942
61, 27, -0.10670365509678552
61, 28, -0.06678391015757966
61, 29, -0.03355826696564976
61, 30, -0.000640304471679622
61, 31, 0.027150302573480722
61, 32, 0.04827872943184712
61, 33, 0.06956923477905094
61, 34, 0.08688936805758402
61, 35, 0.10098012071891019
61, 36, 0.11499888321784571
61, 37, 0.12342627778652641
61, 38, 0.13095185422369632
61, 39, 0.1361366900890437
61, 40, 0.13566539897989432
61, 41, 0.13519425024138848
61, 42, 0.12918714900654585
61, 43, 0.12080221657555379
61, 44, 0.11154017649893153
61, 45, 0.09736561866101598
61, 46, 0.08313387113372127
61, 47, 0.06601972681339217
61, 48, 0.045540882454031546
61, 49, 0.02551109370298283
61, 50, -0.0006285166672741552
61, 51, -0.031337088091268804
61, 52, -0.06186522482581578
61, 53, -0.09909384141833669
61, 54, -0.14024996556540945
61, 55, -0.1563707617776504
61, 56, 0
61, 57, 0
61, 58, 0
61, 59, 0
61, 60, 0
61, 61, 0
61, 62, 0
61, 63, 0
61, 64, 0
61, 65, 0
61, 66, 0
61, 67, 0
61, 68, 0
61, 69, 0
61, 70, 0
61, 71, 0
61, 72, 0
61, 73, 0
61, 74, 0
61, 75, 0
61, 76, 0
61, 77, 0
61, 78, 0
61, 79, 0
61, 80, 0
62, 1, 0
62, 2, 0
62, 3, 0
62, 4, 0
62, 5, 0
62, 6, 0
62, 7, 0
62, 8, 0
62, 9, 0
62, 10, 0
62, 11, 0
62, 12, 0
62, 13, 0
62, 14, 0
62, 15, 0
62, 16, 0
62, 17, 0
62, 18, 0
62, 19, 0
62, 20, 0
62, 21, 0
62, 22, 0
62, 23, 0
62, 24, 0
62, 25, 0
62, 26, 0
62, 27, -0.09543609841138635
62, 28, -0.07336973724887538
62, 29, -0.04341714058753483
62, 30, -0.011489983739275105
62, 31, 0.010544855352094425
62, 32, 0.030775880784169082
62, 33, 0.05164886284889847
62, 34, 0.06703688752048054
62, 35, 0.0812552457530081
62, 36, 0.09522731990909451
62, 37, 0.10364795741256057
62, 38, 0.11185567899584174
62, 39, 0.11695654423427776
62, 40, 0.11626450041114532
62, 41, 0.11557274044566801
62, 42, 0.10925546015820575
62, 43, 0.09983352612689408
62, 44, 0.09010156971727705
62, 45, 0.07585566337826316
62, 46, 0.06137430973852237
62, 47, 0.045890974943352175
62, 48, 0.02613965672875599
62, 49, 0.007380935923494859
62, 50, -0.012659672205680464
62, 51, -0.04197654639375958
62, 52, -0.0687037658410915
62, 53, -0.08719199122838571
62, 54, 0
62, 55, 0
62, 56, 0
62, 57, 0
62, 58, 0
62, 59, 0
62, 60, 0
62, 61, 0
62, 62, 0
62, 63, 0
62, 64, 0
62, 65, 0
62, 66, 0
62, 67, 0
62, 68, 0
62, 69, 0
62, 70, 0
62, 71, 0
62, 72, 0
62, 73, 0
62, 74, 0
62, 75, 0
62, 76, 0
62, 77, 0
62, 78, 0
62, 79, 0
62, 80, 0
63, 1, 0
63, 2, 0
63, 3, 0
63, 4, 0
63, 5, 0
63, 6, 0
63, 7, 0
63, 8, 0
63, 9, 0
63, 10, 0
63, 11, 0
63, 12, 0
63, 13, 0
63, 14, 0
63, 15, 0
63, 16, 0
63, 17, 0
63, 18, 0
63, 19, 0
63, 20, 0
63, 21, 0
63, 22, 0
63, 23, 0
63, 24, 0
63, 25, 0
63, 26, 0
63, 27, 0
63, 28, -0.03555113531873462
63, 29, -0.04337638512306302
63, 30, -0.02025470170162091
63, 31, -0.004552818574116998
63, 32, 0.013770393936492679
63, 33, 0.032941024978517405
63, 34, 0.04696034167757965
63, 35, 0.06112176525457279
63, 36, 0.07452512861298442
63, 37, 0.0841115953760804
63, 38, 0.09339560302646407
63, 39, 0.09855659805812753
63, 40, 0.09759031265830391
63, 41, 0.0966243121969616
63, 42, 0.08975640002057435
63, 43, 0.07881025288696804
63, 44, 0.06743265573680192
63, 45, 0.05331745943696172
63, 46, 0.038697221651465996
63, 47, 0.024077115387032652
63, 48, 0.006167305787899731
63, 49, -0.010210737904477688
63, 50, -0.023494949771637838
63, 51, -0.04372630663993498
63, 52, -0.03588053414001978
63, 53, 0
63, 54, 0
63, 55, 0
63, 56, 0
63, 57, 0
63, 58, 0
63, 59, 0
63, 60, 0
63, 61, 0
63, 62, 0
63, 63, 0
63, 64, 0
63, 65, 0
63, 66, 0
63, 67, 0
63, 68, 0
63, 69, 0
63, 70, 0
63, 71, 0
63, 72, 0
63, 73, 0
63, 74, 0
63, 75, 0
63, 76, 0
63, 77, 0
63, 78, 0
63, 79, 0
63, 80, 0
64, 1, 0
64, 2, 0
64, 3, 0
64, 4, 0
64, 5, 0
64, 6, 0
64, 7, 0
64, 8, 0
64, 9, 0
64, 10, 0
64, 11, 0
64, 12, 0
64, 13, 0
64, 14, 0
64, 15, 0
64, 16, 0
64, 17, 0
64, 18, 0
64, 19, 0
64, 20, 0
64, 21, 0
64, 22, 0
64, 23, 0
64, 24, 0
64, 25, 0
64, 26, 0
64, 27, 0
64, 28, 0
64, 29, 0
64, 30, -0.013180300516222106
64, 31, -0.014661274029076528
64, 32, -0.001655189037350513
64, 33, 0.013418657456149237
64, 34, 0.026778877899998152
64, 35, 0.0405846199684874
64, 36, 0.05379020712683796
64, 37, 0.06521925093094821
64, 38, 0.07614335185013424
64, 39, 0.08148895922771593
64, 40, 0.08023539117594372
64, 41, 0.07898224201163113
64, 42, 0.07129834816161257
64, 43, 0.05801989009937202
64, 44, 0.04405028671676473
64, 45, 0.029335248869573068
64, 46, 0.014691551517149003
64, 47, 0.0002730375318197231
64, 48, -0.01404754435805737
64, 49, -0.024489360220863676
64, 50, -0.016132286750764748
64, 51, 0
64, 52, 0
64, 53, 0
64, 54, 0
64, 55, 0
64, 56, 0
64, 57, 0
64, 58, 0
64, 59, 0
64, 60, 0
64, 61, 0
64, 62, 0
64, 63, 0
64, 64, 0
64, 65, 0
64, 66, 0
64, 67, 0
64, 68, 0
64, 69, 0
64, 70, 0
64, 71, 0
64, 72, 0
64, 73, 0
64, 74, 0
64, 75, 0
64, 76, 0
64, 77, 0
64, 78, 0
64, 79, 0
64, 80, 0
65, 1, 0
65, 2, 0
65, 3, 0
65, 4, 0
65, 5, 0
65, 6, 0
65, 7, 0
65, 8, 0
65, 9, 0
65, 10, 0
65, 11, 0
65, 12, 0
65, 13, 0
65, 14, 0
65, 15, 0
65, 16, 0
65, 17, 0
65, 18, 0
65, 19, 0
65, 20, 0
65, 21, 0
65, 22, 0
65, 23, 0
65, 24, 0
65, 25, 0
65, 26, 0
65, 27, 0
65, 28, 0
65, 29, 0
65, 30, 0
65, 31, 0
65, 32, 0
65, 33, -0.005213900795458353
65, 34, 0.0066345008361585025
65, 35, 0.01987305215117794
65, 36, 0.033925159373170796
65, 37, 0.048265795571074674
65, 38, 0.061735401619834505
65, 39, 0.06744432411011483
65, 40, 0.06573569419848305
65, 41, 0.06402759851814789
65, 42, 0.05506230782554841
65, 43, 0.038322574755000643
65, 44, 0.020453982793229554
65, 45, 0.003962836032014696
65, 46, -0.010092286321876287
65, 47, -0.016118054553571723
65, 48, 0
65, 49, 0
65, 50, 0
65, 51, 0
65, 52, 0
65, 53, 0
65, 54, 0
65, 55, 0
65, 56, 0
65, 57, 0
65, 58, 0
65, 59, 0
65, 60, 0
65, 61, 0
65, 62, 0
65, 63, 0
65, 64, 0
65, 65, 0
65, 66, 0
65, 67, 0
65, 68, 0
65, 69, 0
65, 70, 0
65, 71, 0
65, 72, 0
65, 73, 0
65, 74, 0
65, 75, 0
65, 76, 0
65, 77, 0
65, 78, 0
65, 79, 0
65, 80, 0
66, 1, 0
66, 2, 0
66, 3, 0
66, 4, 0
66, 5, 0
66, 6, 0
66, 7, 0
66, 8, 0
66, 9, 0
66, 10, 0
66, 11, 0
66, 12, 0
66, 13, 0
66, 14, 0
66, 15, 0
66, 16, 0
66, 17, 0
66, 18, 0
66, 19, 0
66, 20, 0
66, 21, 0
66, 22, 0
66, 23, 0
66, 24, 0
66, 25, 0
66, 26, 0
66, 27, 0
66, 28, 0
66, 29, 0
66, 30, 0
66, 31, 0
66, 32, 0
66, 33, 0
66, 34, 0
66, 35, 0
66, 36, 0
66, 37, 0
66, 38, 0.01019332932776751
66, 39, 0.02388415742582769
66, 40, 0.023168835057207883
66, 41, 0.022444061331026364
66, 42, 0.008658116871027901
66, 43, 0
66, 44, 0
66, 45, 0
66, 46, 0
66, 47, 0
66, 48, 0
66, 49, 0
66, 50, 0
66, 51, 0
66, 52, 0
66, 53, 0
66, 54, 0
66, 55, 0
66, 56, 0
66, 57, 0
66, 58, 0
66, 59, 0
66, 60, 0
66, 61, 0
66, 62, 0
66, 63, 0
66, 64, 0
66, 65, 0
66, 66, 0
66, 67, 0
66, 68, 0
66, 69, 0
66, 70, 0
66, 71, 0
66, 72, 0
66, 73, 0
66, 74, 0
66, 75, 0
66, 76, 0
66, 77, 0
66, 78, 0
66, 79, 0
66, 80, 0
67, 1, 0
67, 2, 0
67, 3, 0
67, 4, 0
67, 5, 0
67, 6, 0
67, 7, 0
67, 8, 0
67, 9, 0
67, 10, 0
67, 11, 0
67, 12, 0
67, 13, 0
67, 14, 0
67, 15, 0
67, 16, 0
67, 17, 0
67, 18, 0
67, 19, 0
67, 20, 0
67, 21, 0
67, 22, 0
67, 23, 0
67, 24, 0
67, 25, 0
67, 26, 0
67, 27, 0
67, 28, 0
67, 29, 0
67, 30, 0
67, 31, 0
67, 32, 0
67, 33, 0
67, 34, 0
67, 35, 0
67, 36, 0
67, 37, 0
67, 38, 0
67, 39, 0
67, 40, 0
67, 41, 0
67, 42, 0
67, 43, 0
67, 44, 0
67, 45, 0
67, 46, 0
67, 47, 0
67, 48, 0
67, 49, 0
67, 50, 0
67, 51, 0
67, 52, 0
67, 53, 0
67, 54, 0
67, 55, 0
67, 56, 0
67, 57, 0
67, 58, 0
67, 59, 0
67, 60, 0
67, 61, 0
67, 62, 0
67, 63, 0
67, 64, 0
67, 65, 0
67, 66, 0
67, 67, 0
67, 68, 0
67, 69, 0
67, 70, 0
67, 71, 0
67, 72, 0
67, 73, 0
67, 74, 0
67, 75, 0
67, 76, 0
67, 77, 0
67, 78, 0
67, 79, 0
67, 80, 0
68, 1, 0
68, 2, 0
68, 3, 0
68, 4, 0
68, 5, 0
68, 6, 0
68, 7, 0
68, 8, 0
68, 9, 0
68, 10, 0
68, 11, 0
68, 12, 0
68, 13, 0
68, 14, 0
68, 15, 0
68, 16, 0
68, 17, 0
68, 18, 0
68, 19, 0
68, 20, 0
68, 21, 0
68, 22, 0
68, 23, 0
68, 24, 0
68, 25, 0
68, 26, 0
68, 27, 0
68, 28, 0
68, 29, 0
68, 30, 0
68, 31, 0
68, 32, 0
68, 33, 0
68, 34, 0
68, 35, 0
68, 36, 0
68, 37, 0
68, 38, 0
68, 39, 0
68, 40, 0
68, 41, 0
68, 42, 0
68, 43, 0
68, 44, 0
68, 45, 0
68, 46, 0
68, 47, 0
68, 48, 0
68, 49, 0
68, 50, 0
68, 51, 0
68, 52, 0
68, 53, 0
68, 54, 0
68, 55, 0
68, 56, 0
68, 57, 0
68, 58, 0
68, 59, 0
68, 60, 0
68, 61, 0
68, 62, 0
68, 63, 0
68, 64, 0
68, 65, 0
68, 66, 0
68, 67, 0
68, 68, 0
68, 69, 0
68, 70, 0
68, 71, 0
68, 72, 0
68, 73, 0
68, 74, 0
68, 75, 0
68, 76, 0
68, 77, 0
68, 78, 0
68, 79, 0
68, 80, 0
69, 1, 0
69, 2, 0
69, 3, 0
69, 4, 0
69, 5, 0
69, 6, 0
69, 7, 0
69, 8, 0
69, 9, 0
69, 10, 0
69, 11, 0
69, 12, 0
69, 13, 0
69, 14, 0
69, 15, 0
69, 16, 0
69, 17, 0
69, 18, 0
69, 19, 0
69, 20, 0
69, 21, 0
69, 22, 0
69, 23, 0
69, 24, 0
69, 25, 0
69, 26, 0
69, 27, 0
69, 28, 0
69, 29, 0
69, 30, 0
69, 31, 0
69, 32, 0
69, 33, 0
69, 34, 0
69, 35, 0
69, 36, 0
69, 37, 0
69, 38, 0
69, 39, 0
69, 40, 0
69, 41, 0
69, 42, 0
69, 43, 0
69, 44, 0
69, 45, 0
69, 46, 0
69, 47, 0
69, 48, 0
69, 49, 0
69, 50, 0
69, 51, 0
69, 52, 0
69, 53, 0
69, 54, 0
69, 55, 0
69, 56, 0
69, 57, 0
69, 58, 0
69, 59, 0
69, 60, 0
69, 61, 0
69, 62, 0
69, 63, 0
69, 64, 0
69, 65, 0
69, 66, 0
69, 67, 0
69, 68, 0
69, 69, 0
69, 70, 0
69, 71, 0
69, 72, 0
69, 73, 0
69, 74, 0
69, 75, 0
69, 76, 0
69, 77, 0
69, 78, 0
69, 79, 0
69, 80, 0
70, 1, 0
70, 2, 0
70, 3, 0
70, 4, 0
70, 5, 0
70, 6, 0
70, 7, 0
70, 8, 0
70, 9, 0
70, 10, 0
70, 11, 0
70, 12, 0
70, 13, 0
70, 14, 0
70, 15, 0
70, 16, 0
70, 17, 0
70, 18, 0
70, 19, 0
70, 20, 0
70, 21, 0
70, 22, 0
70, 23, 0
70, 24, 0
70, 25, 0
70, 26, 0
70, 27, 0
70, 28, 0
70, 29, 0
70, 30, 0
70, 31, 0
70, 32, 0
70, 33, 0
70, 34, 0
70, 35, 0
70, 36, 0
70, 37, 0
70, 38, 0
70, 39, 0
70, 40, 0
70, 41, 0
70, 42, 0
70, 43, 0
70, 44, 0
70, 45, 0
70, 46, 0
70, 47, 0
70, 48, 0
70, 49, 0
70, 50, 0
70, 51, 0
70, 52, 0
70, 53, 0
70, 54, 0
70, 55, 0
70, 56, 0
70, 57, 0
70, 58, 0
70, 59, 0
70, 60, 0
70, 61, 0
70, 62, 0
70, 63, 0
70, 64, 0
70, 65, 0
70, 66, 0
70, 67, 0
70, 68, 0
70, 69, 0
70, 70, 0
70, 71, 0
70, 72, 0
70, 73, 0
70, 74, 0
70, 75, 0
70, 76, 0
70, 77, 0
70, 78, 0
70, 79, 0
70, 80, 0
71, 1, 0
71, 2, 0
71, 3, 0
71, 4, 0
71, 5, 0
71, 6, 0
71, 7, 0
71, 8, 0
71, 9, 0
71, 10, 0
71, 11, 0
71, 12, 0
71, 13, 0
71, 14, 0
71, 15, 0
71, 16, 0
71, 17, 0
71, 18, 0
71, 19, 0
71, 20, 0
71, 21, 0
71, 22, 0
71, 23, 0
71, 24, 0
71, 25, 0
71, 26, 0
71, 27, 0
71, 28, 0
71, 29, 0
71, 30, 0
71, 31, 0
71, 32, 0
71, 33, 0
71, 34, 0
71, 35, 0
71, 36, 0
71, 37, 0
71, 38, 0
71, 39, 0
71, 40, 0
71, 41, 0
71, 42, 0
71, 43, 0
71, 44, 0
71, 45, 0
71, 46, 0
71, 47, 0
71, 48, 0
71, 49, 0
71, 50, 0
71, 51, 0
71, 52, 0
71, 53, 0
71, 54, 0
71, 55, 0
71, 56, 0
71, 57, 0
71, 58, 0
71, 59, 0
71, 60, 0
71, 61, 0
71, 62, 0
71, 63, 0
71, 64, 0
71, 65, 0
71, 66, 0
71, 67, 0
71, 68, 0
71, 69, 0
71, 70, 0
71, 71, 0
71, 72, 0
71, 73, 0
71, 74, 0
71, 75, 0
71, 76, 0
71, 77, 0
71, 78, 0
71, 79, 0
71, 80, 0
72, 1, 0
72, 2, 0
72, 3, 0
72, 4, 0
72, 5, 0
72, 6, 0
72, 7, 0
72, 8, 0
72, 9, 0
72, 10, 0
72, 11, 0
72, 12, 0
72, 13, 0
72, 14, 0
72, 15, 0
72, 16, 0
72, 17, 0
72, 18, 0
72, 19, 0
72, 20, 0
72, 21, 0
72, 22, 0
72, 23, 0
72, 24, 0
72, 25, 0
72, 26, 0
72, 27, 0
72, 28, 0
72, 29, 0
72, 30, 0
72, 31, 0
72, 32, 0
72, 33, 0
72, 34, 0
72, 35, 0
72, 36, 0
72, 37, 0
72, 38, 0
72, 39, 0
72, 40, 0
72, 41, 0
72, 42, 0
72, 43, 0
72, 44, 0
72, 45, 0
72, 46, 0
72, 47, 0
72, 48, 0
72, 49, 0
72, 50, 0
72, 51, 0
72, 52, 0
72, 53, 0
72, 54, 0
72, 55, 0
72, 56, 0
72, 57, 0
72, 58, 0
72, 59, 0
72, 60, 0
72, 61, 0
72, 62, 0
72, 63, 0
72, 64, 0
72, 65, 0
72, 66, 0
72, 67, 0
72, 68, 0
72, 69, 0
72, 70, 0
72, 71, 0
72, 72, 0
72, 73, 0
72, 74, 0
72, 75, 0
72, 76, 0
72, 77, 0
72, 78, 0
72, 79, 0
72, 80, 0
73, 1, 0
73, 2, 0
73, 3, 0
73, 4, 0
73, 5, 0
73, 6, 0
73, 7, 0
73, 8, 0
73, 9, 0
73, 10, 0
73, 11, 0
73, 12, 0
73, 13, 0
73, 14, 0
73, 15, 0
73, 16, 0
73, 17, 0
73, 18, 0
73, 19, 0
73, 20, 0
73, 21, 0
73, 22, 0
73, 23, 0
73, 24, 0
73, 25, 0
73, 26, 0
73, 27, 0
73, 28, 0
73, 29, 0
73, 30, 0
73, 31, 0
73, 32, 0
73, 33, 0
73, 34, 0
73, 35, 0
73, 36, 0
73, 37, 0
73, 38, 0
73, 39, 0
73, 40, 0
73, 41, 0
73, 42, 0
73, 43, 0
73, 44, 0
73, 45, 0
73, 46, 0
73, 47, 0
73, 48, 0
73, 49, 0
73, 50, 0
73, 51, 0
73, 52, 0
73, 53, 0
73, 54, 0
73, 55, 0
73, 56, 0
73, 57, 0
73, 58, 0
73, 59, 0
73, 60, 0
73, 61, 0
73, 62, 0
73, 63, 0
73, 64, 0
73, 65, 0
73, 66, 0
73, 67, 0
73, 68, 0
73, 69, 0
73, 70, 0
73, 71, 0
73, 72, 0
73, 73, 0
73, 74, 0
73, 75, 0
73, 76, 0
73, 77, 0
73, 78, 0
73, 79, 0
73, 80, 0
74, 1, 0
74, 2, 0
74, 3, 0
74, 4, 0
74, 5, 0
74, 6, 0
74, 7, 0
74, 8, 0
74, 9, 0
74, 10, 0
74, 11, 0
74, 12, 0
74, 13, 0
74, 14, 0
74, 15, 0
74, 16, 0
74, 17, 0
74, 18, 0
74, 19, 0
74, 20, 0
74, 21, 0
74, 22, 0
74, 23, 0
74, 24, 0
74, 25, 0
74, 26, 0
74, 27, 0
74, 28, 0
74, 29, 0
74, 30, 0
74, 31, 0
74, 32, 0
74, 33, 0
74, 34, 0
74, 35, 0
74, 36, 0
74, 37, 0
74, 38, 0
74, 39, 0
74, 40, 0
74, 41, 0
74, 42, 0
74, 43, 0
74, 44, 0
74, 45, 0
74, 46, 0
74, 47, 0
74, 48, 0
74, 49, 0
74, 50, 0
74, 51, 0
74, 52, 0
74, 53, 0
74, 54, 0
74, 55, 0
74, 56, 0
74, 57, 0
74, 58, 0
74, 59, 0
74, 60, 0
74, 61, 0
74, 62, 0
74, 63, 0
74, 64, 0
74, 65, 0
74, 66, 0
74, 67, 0
74, 68, 0
74, 69, 0
74, 70, 0
74, 71, 0
74, 72, 0
74, 73, 0
74, 74, 0
74, 75, 0
74, 76, 0
74, 77, 0
74, 78, 0
74, 79, 0
74, 80, 0
75, 1, 0
75, 2, 0
75, 3, 0
75, 4, 0
75, 5, 0
75, 6, 0
75, 7, 0
75, 8, 0
75, 9, 0
75, 10, 0
75, 11, 0
75, 12, 0
75, 13, 0
75, 14, 0
75, 15, 0
75, 16, 0
75, 17, 0
75, 18, 0
75, 19, 0
75, 20, 0
75, 21, 0
75, 22, 0
75, 23, 0
75, 24, 0
75, 25, 0
75, 26, 0
75, 27, 0
75, 28, 0
75, 29, 0
75, 30, 0
75, 31, 0
75, 32, 0
75, 33, 0
75, 34, 0
75, 35, 0
75, 36, 0
75, 37, 0
75, 38, 0
75, 39, 0
75, 40, 0
75, 41, 0
75, 42, 0
75, 43, 0
75, 44, 0
75, 45, 0
75, 46, 0
75, 47, 0
75, 48, 0
75, 49, 0
75, 50, 0
75, 51, 0
75, 52, 0
75, 53, 0
75, 54, 0
75, 55, 0
75, 56, 0
75, 57, 0
75, 58, 0
75, 59, 0
75, 60, 0
75, 61, 0
75, 62, 0
75, 63, 0
75, 64, 0
75, 65, 0
75, 66, 0
75, 67, 0
75, 68, 0
75, 69, 0
75, 70, 0
75, 71, 0
75, 72, 0
75, 73, 0
75, 74, 0
75, 75, 0
75, 76, 0
75, 77, 0
75, 78, 0
75, 79, 0
75, 80, 0
76, 1, 0
76, 2, 0
76, 3, 0
76, 4, 0
76, 5, 0
76, 6, 0
76, 7, 0
76, 8, 0
76, 9, 0
76, 10, 0
76, 11, 0
76, 12, 0
76, 13, 0
76, 14, 0
76, 15, 0
76, 16, 0
76, 17, 0
76, 18, 0
76, 19, 0
76, 20, 0
76, 21, 0
76, 22, 0
76, 23, 0
76, 24, 0
76, 25, 0
76, 26, 0
76, 27, 0
76, 28, 0
76, 29, 0
76, 30, 0
76, 31, 0
76, 32, 0
76, 33, 0
76, 34, 0
76, 35, 0
76, 36, 0
76, 37, 0
76, 38, 0
76, 39, 0
76, 40, 0
76, 41, 0
76, 42, 0
76, 43, 0
76, 44, 0
76, 45, 0
76, 46, 0
76, 47, 0
76, 48, 0
76, 49, 0
76, 50, 0
76, 51, 0
76, 52, 0
76, 53, 0
76, 54, 0
76, 55, 0
76, 56, 0
76, 57, 0
76, 58, 0
76, 59, 0
76, 60, 0
76, 61, 0
76, 62, 0
76, 63, 0
76, 64, 0
76, 65, 0
76, 66, 0
76, 67, 0
76, 68, 0
76, 69, 0
76, 70, 0
76, 71, 0
76, 72, 0
76, 73, 0
76, 74, 0
76, 75, 0
76, 76, 0
76, 77, 0
76, 78, 0
76, 79, 0
76, 80, 0
77, 1, 0
77, 2, 0
77, 3, 0
77, 4, 0
77, 5, 0
77, 6, 0
77, 7, 0
77, 8, 0
77, 9, 0
77, 10, 0
77, 11, 0
77, 12, 0
77, 13, 0
77, 14, 0
77, 15, 0
77, 16, 0
77, 17, 0
77, 18, 0
77, 19, 0
77, 20, 0
77, 21, 0
77, 22, 0
77, 23, 0
77, 24, 0
77, 25, 0
77, 26, 0
77, 27, 0
77, 28, 0
77, 29, 0
77, 30, 0
77, 31, 0
77, 32, 0
77, 33, 0
77, 34, 0
77, 35, 0
77, 36, 0
77, 37, 0
77, 38, 0
77, 39, 0
77, 40, 0
77, 41, 0
77, 42, 0
77, 43, 0
77, 44, 0
77, 45, 0
77, 46, 0
77, 47, 0
77, 48, 0
77, 49, 0
77, 50, 0
77, 51, 0
77, 52, 0
77, 53, 0
77, 54, 0
77, 55, 0
77, 56, 0
77, 57, 0
77, 58, 0
77, 59, 0
77, 60, 0
77, 61, 0
77, 62, 0
77, 63, 0
77, 64, 0
77, 65, 0
77, 66, 0
77, 67, 0
77, 68, 0
77, 69, 0
77, 70, 0
77, 71, 0
77, 72, 0
77, 73, 0
77, 74, 0
77, 75, 0
77, 76, 0
77, 77, 0
77, 78, 0
77, 79, 0
77, 80, 0
78, 1, 0
78, 2, 0
78, 3, 0
78, 4, 0
78, 5, 0
78, 6, 0
78, 7, 0
78, 8, 0
78, 9, 0
78, 10, 0
78, 11, 0
78, 12, 0
78, 13, 0
78, 14, 0
78, 15, 0
78, 16, 0
78, 17, 0
78, 18, 0
78, 19, 0
78, 20, 0
78, 21, 0
78, 22, 0
78, 23, 0
78, 24, 0
78, 25, 0
78, 26, 0
78, 27, 0
78, 28, 0
78, 29, 0
78, 30, 0
78, 31, 0
78, 32, 0
78, 33, 0
78, 34, 0
78, 35, 0
78, 36, 0
78, 37, 0
78, 38, 0
78, 39, 0
78, 40, 0
78, 41, 0
78, 42, 0
78, 43, 0
78, 44, 0
78, 45, 0
78, 46, 0
78, 47, 0
78, 48, 0
78, 49, 0
78, 50, 0
78, 51, 0
78, 52, 0
78, 53, 0
78, 54, 0
78, 55, 0
78, 56, 0
78, 57, 0
78, 58, 0
78, 59, 0
78, 60, 0
78, 61, 0
78, 62, 0
78, 63, 0
78, 64, 0
78, 65, 0
78, 66, 0
78, 67, 0
78, 68, 0
78, 69, 0
78, 70, 0
78, 71, 0
78, 72, 0
78, 73, 0
78, 74, 0
78, 75, 0
78, 76, 0
78, 77, 0
78, 78, 0
78, 79, 0
78, 80, 0
79, 1, 0
79, 2, 0
79, 3, 0
79, 4, 0
79, 5, 0
79, 6, 0
79, 7, 0
79, 8, 0
79, 9, 0
79, 10, 0
79, 11, 0
79, 12, 0
79, 13, 0
79, 14, 0
79, 15, 0
79, 16, 0
79, 17, 0
79, 18, 0
79, 19, 0
79, 20, 0
79, 21, 0
79, 22, 0
79, 23, 0
79, 24, 0
79, 25, 0
79, 26, 0
79, 27, 0
79, 28, 0
79, 29, 0
79, 30, 0
79, 31, 0
79, 32, 0
79, 33, 0
79, 34, 0
79, 35, 0
79, 36, 0
79, 37, 0
79, 38, 0
79, 39, 0
79, 40, 0
79, 41, 0
79, 42, 0
79, 43, 0
79, 44, 0
79, 45, 0
79, 46, 0
79, 47, 0
79, 48, 0
79, 49, 0
79, 50, 0
79, 51, 0
79, 52, 0
79, 53, 0
79, 54, 0
79, 55, 0
79, 56, 0
79, 57, 0
79, 58, 0
79, 59, 0
79, 60, 0
79, 61, 0
79, 62, 0
79, 63, 0
79, 64, 0
79, 65, 0
79, 66, 0
79, 67, 0
79, 68, 0
79, 69, 0
79, 70, 0
79, 71, 0
79, 72, 0
79, 73, 0
79, 74, 0
79, 75, 0
79, 76, 0
79, 77, 0
79, 78, 0
79, 79, 0
79, 80, 0
80, 1, 0
80, 2, 0
80, 3, 0
80, 4, 0
80, 5, 0
80, 6, 0
80, 7, 0
80, 8, 0
80, 9, 0
80, 10, 0
80, 11, 0
80, 12, 0
80, 13, 0
80, 14, 0
80, 15, 0
80, 16, 0
80, 17, 0
80, 18, 0
80, 19, 0
80, 20, 0
80, 21, 0
80, 22, 0
80, 23, 0
80, 24, 0
80, 25, 0
80, 26, 0
80, 27, 0
80, 28, 0
80, 29, 0
80, 30, 0
80, 31, 0
80, 32, 0
80, 33, 0
80, 34, 0
80, 35, 0
80, 36, 0
80, 37, 0
80, 38, 0
80, 39, 0
80, 40, 0
80, 41, 0
80, 42, 0
80, 43, 0
80, 44, 0
80, 45, 0
80, 46, 0
80, 47, 0
80, 48, 0
80, 49, 0
80, 50, 0
80, 51, 0
80, 52, 0
80, 53, 0
80, 54, 0
80, 55, 0
80, 56, 0
80, 57, 0
80, 58, 0
80, 59, 0
80, 60, 0
80, 61, 0
80, 62, 0
80, 63, 0
80, 64, 0
80, 65, 0
80, 66, 0
80, 67, 0
80, 68, 0
80, 69, 0
80, 70, 0
80, 71, 0
80, 72, 0
80, 73, 0
80, 74, 0
80, 75, 0
80, 76, 0
80, 77, 0
80, 78, 0
80, 79, 0
80, 80, 0
