1, 1, 0
1, 2, 0
1, 3, 0
1, 4, 0
1, 5, 0
1, 6, 0
1, 7, 0
1, 8, 0
1, 9, 0
1, 10, 0
1, 11, 0
1, 12, 0
1, 13, 0
1, 14, 0
1, 15, 0
1, 16, 0
1, 17, 0
1, 18, 0
1, 19, 0
1, 20, 0
1, 21, 0
1, 22, 0
1, 23, 0
1, 24, 0
1, 25, 0
1, 26, 0
1, 27, 0
1, 28, 0
1, 29, 0
1, 30, 0
1, 31, 0
1, 32, 0
1, 33, 0
1, 34, 0
1, 35, 0
1, 36, 0
1, 37, 0
1, 38, 0
1, 39, 0
1, 40, 0
2, 1, 0
2, 2, 0
2, 3, 0
2, 4, 0
2, 5, 0
2, 6, 0
2, 7, 0
2, 8, 0
2, 9, 0
2, 10, 0
2, 11, 0
2, 12, 0
2, 13, 0
2, 14, 0
2, 15, 0
2, 16, 0
2, 17, 0
2, 18, 0
2, 19, 0
2, 20, 0
2, 21, 0
2, 22, 0
2, 23, 0
2, 24, 0
2, 25, 0
2, 26, 0
2, 27, 0
2, 28, 0
2, 29, 0
2, 30, 0
2, 31, 0
2, 32, 0
2, 33, 0
2, 34, 0
2, 35, 0
2, 36, 0
2, 37, 0
2, 38, 0
2, 39, 0
2, 40, 0
3, 1, 0
3, 2, 0
3, 3, 0
3, 4, 0
3, 5, 0
3, 6, 0
3, 7, 0
3, 8, 0
3, 9, 0
3, 10, 0
3, 11, 0
3, 12, 0
3, 13, 0
3, 14, 0
3, 15, 0
3, 16, 0
3, 17, 0
3, 18, 0
3, 19, 0
3, 20, 0
3, 21, 0
3, 22, 0
3, 23, 0
3, 24, 0
3, 25, 0
3, 26, 0
3, 27, 0
3, 28, 0
3, 29, 0
3, 30, 0
3, 31, 0
3, 32, 0
3, 33, 0
3, 34, 0
3, 35, 0
3, 36, 0
3, 37, 0
3, 38, 0
3, 39, 0
3, 40, 0
4, 1, 0
4, 2, 0
4, 3, 0
4, 4, 0
4, 5, 0
4, 6, 0
4, 7, 0
4, 8, 0
4, 9, 0
4, 10, 0
4, 11, 0
4, 12, 0
4, 13, 0
4, 14, 0
4, 15, 0
4, 16, 0
4, 17, 0
4, 18, 0
4, 19, 0
4, 20, 0
4, 21, 0
4, 22, 0
4, 23, 0
4, 24, 0
4, 25, 0
4, 26, 0
4, 27, 0
4, 28, 0
4, 29, 0
4, 30, 0
4, 31, 0
4, 32, 0
4, 33, 0
4, 34, 0
4, 35, 0
4, 36, 0
4, 37, 0
4, 38, 0
4, 39, 0
4, 40, 0
5, 1, 0
5, 2, 0
5, 3, 0
5, 4, 0
5, 5, 0
5, 6, 0
5, 7, 0
5, 8, 0
5, 9, 0
5, 10, 0
5, 11, 0
5, 12, 0
5, 13, 0
5, 14, 0
5, 15, 0
5, 16, 0
5, 17, 0
5, 18, 0
5, 19, 0
5, 20, 0
5, 21, 0
5, 22, 0
5, 23, 0
5, 24, 0
5, 25, 0
5, 26, 0
5, 27, 0
5, 28, 0
5, 29, 0
5, 30, 0
5, 31, 0
5, 32, 0
5, 33, 0
5, 34, 0
5, 35, 0
5, 36, 0
5, 37, 0
5, 38, 0
5, 39, 0
5, 40, 0
6, 1, 0
6, 2, 0
6, 3, 0
6, 4, 0
6, 5, 0
6, 6, 0
6, 7, 0
6, 8, 0
6, 9, 0
6, 10, 0
6, 11, 0
6, 12, 0
6, 13, 0
6, 14, 0
6, 15, 0
6, 16, 0
6, 17, 0
6, 18, 0
6, 19, 0
6, 20, 0
6, 21, 0
6, 22, 0
6, 23, 0
6, 24, 0
6, 25, 0
6, 26, 0
6, 27, 0
6, 28, 0
6, 29, 0
6, 30, 0
6, 31, 0
6, 32, 0
6, 33, 0
6, 34, 0
6, 35, 0
6, 36, 0
6, 37, 0
6, 38, 0
6, 39, 0
6, 40, 0
7, 1, 0
7, 2, 0
7, 3, 0
7, 4, 0
7, 5, 0
7, 6, 0
7, 7, 0
7, 8, 0
7, 9, 0
7, 10, 0
7, 11, 0
7, 12, 0
7, 13, 0
7, 14, 0
7, 15, 0
7, 16, 0
7, 17, 0
7, 18, 0
7, 19, 0
7, 20, 0
7, 21, 0
7, 22, 0
7, 23, 0
7, 24, 0
7, 25, 0
7, 26, 0
7, 27, 0
7, 28, 0
7, 29, 0
7, 30, 0
7, 31, 0
7, 32, 0
7, 33, 0
7, 34, 0
7, 35, 0
7, 36, 0
7, 37, 0
7, 38, 0
7, 39, 0
7, 40, 0
8, 1, 0
8, 2, 0
8, 3, 0
8, 4, 0
8, 5, 0
8, 6, 0
8, 7, 0
8, 8, 0
8, 9, 0
8, 10, 0
8, 11, 0
8, 12, 0
8, 13, 0
8, 14, 0
8, 15, 0
8, 16, -15.00574026874229
8, 17, -16.47719211391712
8, 18, -16.293760569328025
8, 19, -15.407570264480665
8, 20, -15.183056141934053
8, 21, -15.409379017528806
8, 22, -16.291507243896984
8, 23, -16.47378404413243
8, 24, -14.994469667719649
8, 25, 0
8, 26, 0
8, 27, 0
8, 28, 0
8, 29, 0
8, 30, 0
8, 31, 0
8, 32, 0
8, 33, 0
8, 34, 0
8, 35, 0
8, 36, 0
8, 37, 0
8, 38, 0
8, 39, 0
8, 40, 0
9, 1, 0
9, 2, 0
9, 3, 0
9, 4, 0
9, 5, 0
9, 6, 0
9, 7, 0
9, 8, 0
9, 9, 0
9, 10, 0
9, 11, 0
9, 12, 0
9, 13, 0
9, 14, -16.874932886696833
9, 15, -18.04890772212647
9, 16, -17.708200240455334
9, 17, -17.0976116699514
9, 18, -16.522453649805648
9, 19, -15.899411501220772
9, 20, -15.71611298661012
9, 21, -15.89921169481972
9, 22, -16.523818389365694
9, 23, -17.0993131637531
9, 24, -17.708828208185253
9, 25, -18.048917298546474
9, 26, -16.8811099228993
9, 27, 0
9, 28, 0
9, 29, 0
9, 30, 0
9, 31, 0
9, 32, 0
9, 33, 0
9, 34, 0
9, 35, 0
9, 36, 0
9, 37, 0
9, 38, 0
9, 39, 0
9, 40, 0
10, 1, 0
10, 2, 0
10, 3, 0
10, 4, 0
10, 5, 0
10, 6, 0
10, 7, 0
10, 8, 0
10, 9, 0
10, 10, 0
10, 11, 0
10, 12, -1.8793230519246025
10, 13, -18.54712214111022
10, 14, -18.719937667314763
10, 15, -18.106354801645406
10, 16, -17.19850855095147
10, 17, -16.301087333731097
10, 18, -15.833494521852526
10, 19, -15.555277058277111
10, 20, -15.474887181326864
10, 21, -15.554441973260635
10, 22, -15.833999473164704
10, 23, -16.301374519153082
10, 24, -17.198036709657565
10, 25, -18.1051375744462
10, 26, -18.71737502899666
10, 27, -18.548092571455424
10, 28, -2.3274183805840427
10, 29, 0
10, 30, 0
10, 31, 0
10, 32, 0
10, 33, 0
10, 34, 0
10, 35, 0
10, 36, 0
10, 37, 0
10, 38, 0
10, 39, 0
10, 40, 0
11, 1, 0
11, 2, 0
11, 3, 0
11, 4, 0
11, 5, 0
11, 6, 0
11, 7, 0
11, 8, 0
11, 9, 0
11, 10, 0
11, 11, -15.159298432210077
11, 12, -19.20884819703879
11, 13, -19.25959074747892
11, 14, -18.68621024566526
11, 15, -17.69455790329285
11, 16, -16.501122168992506
11, 17, -15.503694118995119
11, 18, -15.146433336971265
11, 19, -15.079525379072399
11, 20, -15.088730184283499
11, 21, -15.078508804557675
11, 22, -15.145867388449732
11, 23, -15.503178066415552
11, 24, -16.500389932336304
11, 25, -17.69303263321566
11, 26, -18.68414586068745
11, 27, -19.257184100550557
11, 28, -19.206182644015996
11, 29, -15.152292849893731
11, 30, 0
11, 31, 0
11, 32, 0
11, 33, 0
11, 34, 0
11, 35, 0
11, 36, 0
11, 37, 0
11, 38, 0
11, 39, 0
11, 40, 0
12, 1, 0
12, 2, 0
12, 3, 0
12, 4, 0
12, 5, 0
12, 6, 0
12, 7, 0
12, 8, 0
12, 9, 0
12, 10, -1.8944450587710375
12, 11, -19.53530524727927
12, 12, -19.742158155628953
12, 13, -19.32884591901169
12, 14, -18.566314587820358
12, 15, -17.448208403802393
12, 16, -16.21792161734567
12, 17, -15.283069668306435
12, 18, -14.803110570129874
12, 19, -14.688151730548324
12, 20, -14.705211677015603
12, 21, -14.68742555329796
12, 22, -14.802454488873536
12, 23, -15.282491433459906
12, 24, -16.217282677314696
12, 25, -17.447208540242656
12, 26, -18.564857370647843
12, 27, -19.327354700429584
12, 28, -19.73998565821372
12, 29, -19.532640148921004
12, 30, -2.38548017260172
12, 31, 0
12, 32, 0
12, 33, 0
12, 34, 0
12, 35, 0
12, 36, 0
12, 37, 0
12, 38, 0
12, 39, 0
12, 40, 0
13, 1, 0
13, 2, 0
13, 3, 0
13, 4, 0
13, 5, 0
13, 6, 0
13, 7, 0
13, 8, 0
13, 9, 0
13, 10, -19.459656446042025
13, 11, -20.094742456924727
13, 12, -19.90816814849596
13, 13, -19.393923907219488
13, 14, -18.618665583340636
13, 15, -17.598236929017055
13, 16, -16.5072753669033
13, 17, -15.605945386741162
13, 18, -14.971811028869986
13, 19, -14.665783948626341
13, 20, -14.599250709061822
13, 21, -14.665453489849138
13, 22, -14.971360037928694
13, 23, -15.605657198413244
13, 24, -16.507045795490487
13, 25, -17.597670674634003
13, 26, -18.618073867692154
13, 27, -19.393376837964016
13, 28, -19.906693222866828
13, 29, -20.092530421514272
13, 30, -19.46106760818191
13, 31, 0
13, 32, 0
13, 33, 0
13, 34, 0
13, 35, 0
13, 36, 0
13, 37, 0
13, 38, 0
13, 39, 0
13, 40, 0
14, 1, 0
14, 2, 0
14, 3, 0
14, 4, 0
14, 5, 0
14, 6, 0
14, 7, 0
14, 8, 0
14, 9, -18.18666970833242
14, 10, -20.274860137004577
14, 11, -20.330585426604852
14, 12, -20.065830090331282
14, 13, -19.59305337900652
14, 14, -18.914472286054462
14, 15, -18.10858602435898
14, 16, -17.25633120812883
14, 17, -16.43202664264069
14, 18, -15.747908411324042
14, 19, -15.295205235245446
14, 20, -15.13819197917133
14, 21, -15.295067114433358
14, 22, -15.74778545760423
14, 23, -16.43198517498831
14, 24, -17.256374509335394
14, 25, -18.108604812462303
14, 26, -18.914410379445485
14, 27, -19.592598580781623
14, 28, -20.064936901260154
14, 29, -20.329167068983587
14, 30, -20.27261115935117
14, 31, -18.193301549703726
14, 32, 0
14, 33, 0
14, 34, 0
14, 35, 0
14, 36, 0
14, 37, 0
14, 38, 0
14, 39, 0
14, 40, 0
15, 1, 0
15, 2, 0
15, 3, 0
15, 4, 0
15, 5, 0
15, 6, 0
15, 7, 0
15, 8, 0
15, 9, -20.080618463363773
15, 10, -20.602895699901683
15, 11, -20.512361064089546
15, 12, -20.241224893193426
15, 13, -19.842368579433938
15, 14, -19.355888027072886
15, 15, -18.770803261738273
15, 16, -18.17393802177343
15, 17, -17.53458132888793
15, 18, -16.987847071098866
15, 19, -16.6002983650277
15, 20, -16.460390869684772
15, 21, -16.600122845227787
15, 22, -16.987862175442494
15, 23, -17.534629000263124
15, 24, -18.173964372278654
15, 25, -18.77086361320842
15, 26, -19.35587883287296
15, 27, -19.842206988217427
15, 28, -20.24089782782069
15, 29, -20.511835228056533
15, 30, -20.60231172487763
15, 31, -20.080634848824218
15, 32, 0
15, 33, 0
15, 34, 0
15, 35, 0
15, 36, 0
15, 37, 0
15, 38, 0
15, 39, 0
15, 40, 0
16, 1, 0
16, 2, 0
16, 3, 0
16, 4, 0
16, 5, 0
16, 6, 0
16, 7, 0
16, 8, -17.034535281066113
16, 9, -20.627502607054137
16, 10, -20.820297867384397
16, 11, -20.693112337370955
16, 12, -20.440918192943005
16, 13, -20.11518172985337
16, 14, -19.74528607673372
16, 15, -19.32603034533392
16, 16, -18.972577998798776
16, 17, -18.629818365078872
16, 18, -18.316111732476855
16, 19, -18.07461471523296
16, 20, -17.985106213098657
16, 21, -18.074585388591203
16, 22, -18.316185314205867
16, 23, -18.62992659783295
16, 24, -18.97267955556476
16, 25, -19.32615249932745
16, 26, -19.745381178211787
16, 27, -20.115255127433148
16, 28, -20.440943338505683
16, 29, -20.69313711029553
16, 30, -20.820592868700032
16, 31, -20.628224149064568
16, 32, -17.021438691197247
16, 33, 0
16, 34, 0
16, 35, 0
16, 36, 0
16, 37, 0
16, 38, 0
16, 39, 0
16, 40, 0
17, 1, 0
17, 2, 0
17, 3, 0
17, 4, 0
17, 5, 0
17, 6, 0
17, 7, 0
17, 8, -19.543494990454203
17, 9, -20.92760055221866
17, 10, -21.00572765519713
17, 11, -20.877071418228212
17, 12, -20.660303453342692
17, 13, -20.40197095903211
17, 14, -20.119135530652642
17, 15, -19.85482482289814
17, 16, -19.637469321014557
17, 17, -19.44279776708798
17, 18, -19.28082561554848
17, 19, -19.168654500047523
17, 20, -19.127663811239948
17, 21, -19.16866549666439
17, 22, -19.280864882439978
17, 23, -19.442848751864908
17, 24, -19.637556731744702
17, 25, -19.854938770845937
17, 26, -20.119260597527983
17, 27, -20.402119693027053
17, 28, -20.660494007300436
17, 29, -20.877386919329947
17, 30, -21.006472412539786
17, 31, -20.92905904161204
17, 32, -19.538728891158
17, 33, 0
17, 34, 0
17, 35, 0
17, 36, 0
17, 37, 0
17, 38, 0
17, 39, 0
17, 40, 0
18, 1, 0
18, 2, 0
18, 3, 0
18, 4, 0
18, 5, 0
18, 6, 0
18, 7, 0
18, 8, -20.35459296335642
18, 9, -21.142284340362597
18, 10, -21.179483594603788
18, 11, -21.06457768907067
18, 12, -20.884761280982133
18, 13, -20.680318800565768
18, 14, -20.464406818340894
18, 15, -20.28273391122648
18, 16, -20.12515887471449
18, 17, -20.004432573806824
18, 18, -19.917588791283123
18, 19, -19.863625857939752
18, 20, -19.84500439039384
18, 21, -19.863629293727083
18, 22, -19.91760016573285
18, 23, -20.004471500466643
18, 24, -20.125214974131314
18, 25, -20.282818947401466
18, 26, -20.46453920931813
18, 27, -20.680522783643625
18, 28, -20.88507502990381
18, 29, -21.06507360495155
18, 30, -21.18039886260093
18, 31, -21.143473880676225
18, 32, -20.35176049364152
18, 33, 0
18, 34, 0
18, 35, 0
18, 36, 0
18, 37, 0
18, 38, 0
18, 39, 0
18, 40, 0
19, 1, 0
19, 2, 0
19, 3, 0
19, 4, 0
19, 5, 0
19, 6, 0
19, 7, 0
19, 8, -20.688261016925964
19, 9, -21.308940093248374
19, 10, -21.342272661079708
19, 11, -21.249957275121268
19, 12, -21.106252224567044
19, 13, -20.944227351303745
19, 14, -20.78167772877795
19, 15, -20.64099455773705
19, 16, -20.523368222047004
19, 17, -20.435751900810537
19, 18, -20.37628713031222
19, 19, -20.34191412135313
19, 20, -20.33064242321761
19, 21, -20.34191493917809
19, 22, -20.376292546659897
19, 23, -20.435775168392183
19, 24, -20.52340734318721
19, 25, -20.641063269732605
19, 26, -20.781790851814613
19, 27, -20.944376444541994
19, 28, -21.10646283177126
19, 29, -21.250293385946005
19, 30, -21.342918174182948
19, 31, -21.310192070817678
19, 32, -20.690483449697542
19, 33, 0
19, 34, 0
19, 35, 0
19, 36, 0
19, 37, 0
19, 38, 0
19, 39, 0
19, 40, 0
20, 1, 0
20, 2, 0
20, 3, 0
20, 4, 0
20, 5, 0
20, 6, 0
20, 7, 0
20, 8, -20.84491791383184
20, 9, -21.44761273141596
20, 10, -21.498717861203854
20, 11, -21.43116842288992
20, 12, -21.31875328251288
20, 13, -21.191009061323378
20, 14, -21.071539064691844
20, 15, -20.94037261132245
20, 16, -20.862207223863074
20, 17, -20.793588374748644
20, 18, -20.74495064712734
20, 19, -20.73655204037179
20, 20, -20.709445332413217
20, 21, -20.71818113212726
20, 22, -20.745379714234453
20, 23, -20.792394115286104
20, 24, -20.862691435063205
20, 25, -20.955288214773645
20, 26, -21.07147384764823
20, 27, -21.191081036469157
20, 28, -21.318861462420976
20, 29, -21.431396546808575
20, 30, -21.499258326224854
20, 31, -21.448780230372044
20, 32, -20.847732292558124
20, 33, 0
20, 34, 0
20, 35, 0
20, 36, 0
20, 37, 0
20, 38, 0
20, 39, 0
20, 40, 0
21, 1, 0
21, 2, 0
21, 3, 0
21, 4, 0
21, 5, 0
21, 6, 0
21, 7, 0
21, 8, -20.89843156172657
21, 9, -21.567029743990147
21, 10, -21.644307207711897
21, 11, -21.60356573702069
21, 12, -21.518493986513736
21, 13, -21.41909875647844
21, 14, -21.333177818731762
21, 15, -21.234460417795333
21, 16, -21.15882669565104
21, 17, -21.10111788645819
21, 18, -21.061356122933397
21, 19, -21.03834738542869
21, 20, -21.030856684985125
21, 21, -21.03834988562606
21, 22, -21.061359990375625
21, 23, -21.10111032294699
21, 24, -21.158819800647798
21, 25, -21.234464852057684
21, 26, -21.333197039047857
21, 27, -21.41915496060614
21, 28, -21.518606939142913
21, 29, -21.60380263611394
21, 30, -21.64484191625612
21, 31, -21.568130242028115
21, 32, -20.90057149485213
21, 33, 0
21, 34, 0
21, 35, 0
21, 36, 0
21, 37, 0
21, 38, 0
21, 39, 0
21, 40, 0
22, 1, 0
22, 2, 0
22, 3, 0
22, 4, 0
22, 5, 0
22, 6, 0
22, 7, 0
22, 8, -20.771221219291128
22, 9, -21.651907158841652
22, 10, -21.775778384271046
22, 11, -21.764232668387237
22, 12, -21.70358026826178
22, 13, -21.628199636933225
22, 14, -21.56708198201885
22, 15, -21.487224726353947
22, 16, -21.42316353271839
22, 17, -21.374841173050193
22, 18, -21.340906409649847
22, 19, -21.32095395970307
22, 20, -21.314413796482157
22, 21, -21.320954458677903
22, 22, -21.340898109379555
22, 23, -21.37480705684119
22, 24, -21.423112287558155
22, 25, -21.48717177490525
22, 26, -21.56701694642301
22, 27, -21.628179439681396
22, 28, -21.703638029306696
22, 29, -21.764455955636336
22, 30, -21.77636390413332
22, 31, -21.652713931084065
22, 32, -20.76814444245873
22, 33, 0
22, 34, 0
22, 35, 0
22, 36, 0
22, 37, 0
22, 38, 0
22, 39, 0
22, 40, 0
23, 1, 0
23, 2, 0
23, 3, 0
23, 4, 0
23, 5, 0
23, 6, 0
23, 7, 0
23, 8, -20.13852233039215
23, 9, -21.674721815282048
23, 10, -21.8809657190822
23, 11, -21.906082823039597
23, 12, -21.873051636914024
23, 13, -21.818578305509604
23, 14, -21.774473394025843
23, 15, -21.717149351398856
23, 16, -21.661429351385415
23, 17, -21.62045001650366
23, 18, -21.591459529829443
23, 19, -21.574169992819513
23, 20, -21.568472757460952
23, 21, -21.574167449801514
23, 22, -21.591432153204792
23, 23, -21.620382967627283
23, 24, -21.661336120707066
23, 25, -21.717043629599576
23, 26, -21.774341238948544
23, 27, -21.818425489714663
23, 28, -21.872931353668253
23, 29, -21.906094194261126
23, 30, -21.881396952717864
23, 31, -21.676054275402617
23, 32, -20.13378888159079
23, 33, 0
23, 34, 0
23, 35, 0
23, 36, 0
23, 37, 0
23, 38, 0
23, 39, 0
23, 40, 0
24, 1, 0
24, 2, 0
24, 3, 0
24, 4, 0
24, 5, 0
24, 6, 0
24, 7, 0
24, 8, -17.721855342043124
24, 9, -21.586395331565043
24, 10, -21.950587948198937
24, 11, -22.025920479879282
24, 12, -22.02291034717258
24, 13, -21.990909415118978
24, 14, -21.957657612702015
24, 15, -21.92478368596733
24, 16, -21.874585595885723
24, 17, -21.841159295405305
24, 18, -21.81754461638594
24, 19, -21.80257767755034
24, 20, -21.797632642795516
24, 21, -21.80257298387161
24, 22, -21.817498720246114
24, 23, -21.84106941372014
24, 24, -21.87446516930033
24, 25, -21.924629323267254
24, 26, -21.957438419821052
24, 27, -21.99061257796695
24, 28, -22.02259083445403
24, 29, -22.025602952407397
24, 30, -21.95062561934468
24, 31, -21.587327962273093
24, 32, -17.708683439150867
24, 33, 0
24, 34, 0
24, 35, 0
24, 36, 0
24, 37, 0
24, 38, 0
24, 39, 0
24, 40, 0
25, 1, 0
25, 2, 0
25, 3, 0
25, 4, 0
25, 5, 0
25, 6, 0
25, 7, 0
25, 8, 0
25, 9, -21.20008718488537
25, 10, -21.953838030743967
25, 11, -22.11004967179256
25, 12, -22.148895853262925
25, 13, -22.13963204771649
25, 14, -22.11778804178574
25, 15, -22.094409411075553
25, 16, -22.065678679765934
25, 17, -22.039636068536755
25, 18, -22.020450850980097
25, 19, -22.008783246897927
25, 20, -22.004512682944558
25, 21, -22.008782531682222
25, 22, -22.020397710752665
25, 23, -22.039540926820813
25, 24, -22.065539690400534
25, 25, -22.09421986945201
25, 26, -22.11746147081111
25, 27, -22.13914906182592
25, 28, -22.148233323648356
25, 29, -22.109148443029
25, 30, -21.953129458232233
25, 31, -21.200621474611612
25, 32, 0
25, 33, 0
25, 34, 0
25, 35, 0
25, 36, 0
25, 37, 0
25, 38, 0
25, 39, 0
25, 40, 0
26, 1, 0
26, 2, 0
26, 3, 0
26, 4, 0
26, 5, 0
26, 6, 0
26, 7, 0
26, 8, 0
26, 9, -19.31583755567337
26, 10, -21.793862597574975
26, 11, -22.14007589912888
26, 12, -22.23760867003017
26, 13, -22.261453083590965
26, 14, -22.23842275862464
26, 15, -22.248053047266733
26, 16, -22.228668586376262
26, 17, -22.212073775518316
26, 18, -22.20079140761716
26, 19, -22.194266661284324
26, 20, -22.19219346794245
26, 21, -22.19425639494222
26, 22, -22.200737196894547
26, 23, -22.211968763859872
26, 24, -22.22847540251611
26, 25, -22.247732930599724
26, 26, -22.23802736094469
26, 27, -22.260747101654843
26, 28, -22.236493762180977
26, 29, -22.138331039346507
26, 30, -21.791610025331423
26, 31, -19.323083476793816
26, 32, 0
26, 33, 0
26, 34, 0
26, 35, 0
26, 36, 0
26, 37, 0
26, 38, 0
26, 39, 0
26, 40, 0
27, 1, 0
27, 2, 0
27, 3, 0
27, 4, 0
27, 5, 0
27, 6, 0
27, 7, 0
27, 8, 0
27, 9, 0
27, 10, -21.031439602067483
27, 11, -22.04800385549725
27, 12, -22.276879846636863
27, 13, -22.34741989951543
27, 14, -22.37178985315775
27, 15, -22.375165831203407
27, 16, -22.369240121162065
27, 17, -22.358255090287805
27, 18, -22.35018135005018
27, 19, -22.345410308486755
27, 20, -22.343881712849907
27, 21, -22.34541077168389
27, 22, -22.35017768743178
27, 23, -22.358149746235576
27, 24, -22.36900224030672
27, 25, -22.37473507069194
27, 26, -22.371107798775558
27, 27, -22.34644324970323
27, 28, -22.27519744614284
27, 29, -22.0458204577076
27, 30, -21.033238232927577
27, 31, 0
27, 32, 0
27, 33, 0
27, 34, 0
27, 35, 0
27, 36, 0
27, 37, 0
27, 38, 0
27, 39, 0
27, 40, 0
28, 1, 0
28, 2, 0
28, 3, 0
28, 4, 0
28, 5, 0
28, 6, 0
28, 7, 0
28, 8, 0
28, 9, 0
28, 10, -2.0499905165401766
28, 11, -21.536116370155057
28, 12, -22.213050402616418
28, 13, -22.372354928475772
28, 14, -22.43881978511635
28, 15, -22.469042277013134
28, 16, -22.478647041525644
28, 17, -22.480211598808165
28, 18, -22.47811944178043
28, 19, -22.47692206806429
28, 20, -22.476550467153913
28, 21, -22.476943535844406
28, 22, -22.478195805581574
28, 23, -22.480150596755173
28, 24, -22.478401917417024
28, 25, -22.468480850607413
28, 26, -22.437801690914114
28, 27, -22.370726292465573
28, 28, -22.210460147940065
28, 29, -21.533411296110366
28, 30, -2.5819529109448514
28, 31, 0
28, 32, 0
28, 33, 0
28, 34, 0
28, 35, 0
28, 36, 0
28, 37, 0
28, 38, 0
28, 39, 0
28, 40, 0
29, 1, 0
29, 2, 0
29, 3, 0
29, 4, 0
29, 5, 0
29, 6, 0
29, 7, 0
29, 8, 0
29, 9, 0
29, 10, 0
29, 11, -16.826960467864932
29, 12, -21.625297816566885
29, 13, -22.228698729270835
29, 14, -22.41802804096221
29, 15, -22.500002705083343
29, 16, -22.54154246497122
29, 17, -22.56052053499407
29, 18, -22.57094507321665
29, 19, -22.573651549416116
29, 20, -22.574579143872892
29, 21, -22.573747304426277
29, 22, -22.5711838249917
29, 23, -22.56063464352069
29, 24, -22.54139227968559
29, 25, -22.499295764505572
29, 26, -22.416463603803166
29, 27, -22.226578945591736
29, 28, -21.622553192577215
29, 29, -16.818342878845723
29, 30, 0
29, 31, 0
29, 32, 0
29, 33, 0
29, 34, 0
29, 35, 0
29, 36, 0
29, 37, 0
29, 38, 0
29, 39, 0
29, 40, 0
30, 1, 0
30, 2, 0
30, 3, 0
30, 4, 0
30, 5, 0
30, 6, 0
30, 7, 0
30, 8, 0
30, 9, 0
30, 10, 0
30, 11, 0
30, 12, 0
30, 13, -21.278504258837707
30, 14, -22.13445952210513
30, 15, -22.39800869111525
30, 16, -22.510455530047842
30, 17, -22.567231711109486
30, 18, -22.59855227989195
30, 19, -22.611705126445557
30, 20, -22.616206700072727
30, 21, -22.611983256078116
30, 22, -22.59908111022462
30, 23, -22.567748778858878
30, 24, -22.51063026803352
30, 25, -22.397425721457108
30, 26, -22.13237126703273
30, 27, -21.280277863908037
30, 28, -2.6518628342166752
30, 29, 0
30, 30, 0
30, 31, 0
30, 32, 0
30, 33, 0
30, 34, 0
30, 35, 0
30, 36, 0
30, 37, 0
30, 38, 0
30, 39, 0
30, 40, 0
31, 1, 0
31, 2, 0
31, 3, 0
31, 4, 0
31, 5, 0
31, 6, 0
31, 7, 0
31, 8, 0
31, 9, 0
31, 10, 0
31, 11, 0
31, 12, 0
31, 13, 0
31, 14, -19.647865606720963
31, 15, -21.664669439025573
31, 16, -22.16520859361146
31, 17, -22.37287290557349
31, 18, -22.474416106481637
31, 19, -22.518424654361947
31, 20, -22.528972053419604
31, 21, -22.519279685491824
31, 22, -22.475139868710993
31, 23, -22.37421918246676
31, 24, -22.16609485459609
31, 25, -21.66526135868179
31, 26, -19.65529672927478
31, 27, 0
31, 28, 0
31, 29, 0
31, 30, 0
31, 31, 0
31, 32, 0
31, 33, 0
31, 34, 0
31, 35, 0
31, 36, 0
31, 37, 0
31, 38, 0
31, 39, 0
31, 40, 0
32, 1, 0
32, 2, 0
32, 3, 0
32, 4, 0
32, 5, 0
32, 6, 0
32, 7, 0
32, 8, 0
32, 9, 0
32, 10, 0
32, 11, 0
32, 12, 0
32, 13, 0
32, 14, 0
32, 15, 0
32, 16, -18.15579091979477
32, 17, -20.747189147240555
32, 18, -21.52463486630479
32, 19, -21.779247401729574
32, 20, -21.838042439266516
32, 21, -21.78190295031527
32, 22, -21.52117801022291
32, 23, -20.741943703796828
32, 24, -18.142422924661414
32, 25, 0
32, 26, 0
32, 27, 0
32, 28, 0
32, 29, 0
32, 30, 0
32, 31, 0
32, 32, 0
32, 33, 0
32, 34, 0
32, 35, 0
32, 36, 0
32, 37, 0
32, 38, 0
32, 39, 0
32, 40, 0
33, 1, 0
33, 2, 0
33, 3, 0
33, 4, 0
33, 5, 0
33, 6, 0
33, 7, 0
33, 8, 0
33, 9, 0
33, 10, 0
33, 11, 0
33, 12, 0
33, 13, 0
33, 14, 0
33, 15, 0
33, 16, 0
33, 17, 0
33, 18, 0
33, 19, 0
33, 20, 0
33, 21, 0
33, 22, 0
33, 23, 0
33, 24, 0
33, 25, 0
33, 26, 0
33, 27, 0
33, 28, 0
33, 29, 0
33, 30, 0
33, 31, 0
33, 32, 0
33, 33, 0
33, 34, 0
33, 35, 0
33, 36, 0
33, 37, 0
33, 38, 0
33, 39, 0
33, 40, 0
34, 1, 0
34, 2, 0
34, 3, 0
34, 4, 0
34, 5, 0
34, 6, 0
34, 7, 0
34, 8, 0
34, 9, 0
34, 10, 0
34, 11, 0
34, 12, 0
34, 13, 0
34, 14, 0
34, 15, 0
34, 16, 0
34, 17, 0
34, 18, 0
34, 19, 0
34, 20, 0
34, 21, 0
34, 22, 0
34, 23, 0
34, 24, 0
34, 25, 0
34, 26, 0
34, 27, 0
34, 28, 0
34, 29, 0
34, 30, 0
34, 31, 0
34, 32, 0
34, 33, 0
34, 34, 0
34, 35, 0
34, 36, 0
34, 37, 0
34, 38, 0
34, 39, 0
34, 40, 0
35, 1, 0
35, 2, 0
35, 3, 0
35, 4, 0
35, 5, 0
35, 6, 0
35, 7, 0
35, 8, 0
35, 9, 0
35, 10, 0
35, 11, 0
35, 12, 0
35, 13, 0
35, 14, 0
35, 15, 0
35, 16, 0
35, 17, 0
35, 18, 0
35, 19, 0
35, 20, 0
35, 21, 0
35, 22, 0
35, 23, 0
35, 24, 0
35, 25, 0
35, 26, 0
35, 27, 0
35, 28, 0
35, 29, 0
35, 30, 0
35, 31, 0
35, 32, 0
35, 33, 0
35, 34, 0
35, 35, 0
35, 36, 0
35, 37, 0
35, 38, 0
35, 39, 0
35, 40, 0
36, 1, 0
36, 2, 0
36, 3, 0
36, 4, 0
36, 5, 0
36, 6, 0
36, 7, 0
36, 8, 0
36, 9, 0
36, 10, 0
36, 11, 0
36, 12, 0
36, 13, 0
36, 14, 0
36, 15, 0
36, 16, 0
36, 17, 0
36, 18, 0
36, 19, 0
36, 20, 0
36, 21, 0
36, 22, 0
36, 23, 0
36, 24, 0
36, 25, 0
36, 26, 0
36, 27, 0
36, 28, 0
36, 29, 0
36, 30, 0
36, 31, 0
36, 32, 0
36, 33, 0
36, 34, 0
36, 35, 0
36, 36, 0
36, 37, 0
36, 38, 0
36, 39, 0
36, 40, 0
37, 1, 0
37, 2, 0
37, 3, 0
37, 4, 0
37, 5, 0
37, 6, 0
37, 7, 0
37, 8, 0
37, 9, 0
37, 10, 0
37, 11, 0
37, 12, 0
37, 13, 0
37, 14, 0
37, 15, 0
37, 16, 0
37, 17, 0
37, 18, 0
37, 19, 0
37, 20, 0
37, 21, 0
37, 22, 0
37, 23, 0
37, 24, 0
37, 25, 0
37, 26, 0
37, 27, 0
37, 28, 0
37, 29, 0
37, 30, 0
37, 31, 0
37, 32, 0
37, 33, 0
37, 34, 0
37, 35, 0
37, 36, 0
37, 37, 0
37, 38, 0
37, 39, 0
37, 40, 0
38, 1, 0
38, 2, 0
38, 3, 0
38, 4, 0
38, 5, 0
38, 6, 0
38, 7, 0
38, 8, 0
38, 9, 0
38, 10, 0
38, 11, 0
38, 12, 0
38, 13, 0
38, 14, 0
38, 15, 0
38, 16, 0
38, 17, 0
38, 18, 0
38, 19, 0
38, 20, 0
38, 21, 0
38, 22, 0
38, 23, 0
38, 24, 0
38, 25, 0
38, 26, 0
38, 27, 0
38, 28, 0
38, 29, 0
38, 30, 0
38, 31, 0
38, 32, 0
38, 33, 0
38, 34, 0
38, 35, 0
38, 36, 0
38, 37, 0
38, 38, 0
38, 39, 0
38, 40, 0
39, 1, 0
39, 2, 0
39, 3, 0
39, 4, 0
39, 5, 0
39, 6, 0
39, 7, 0
39, 8, 0
39, 9, 0
39, 10, 0
39, 11, 0
39, 12, 0
39, 13, 0
39, 14, 0
39, 15, 0
39, 16, 0
39, 17, 0
39, 18, 0
39, 19, 0
39, 20, 0
39, 21, 0
39, 22, 0
39, 23, 0
39, 24, 0
39, 25, 0
39, 26, 0
39, 27, 0
39, 28, 0
39, 29, 0
39, 30, 0
39, 31, 0
39, 32, 0
39, 33, 0
39, 34, 0
39, 35, 0
39, 36, 0
39, 37, 0
39, 38, 0
39, 39, 0
39, 40, 0
40, 1, 0
40, 2, 0
40, 3, 0
40, 4, 0
40, 5, 0
40, 6, 0
40, 7, 0
40, 8, 0
40, 9, 0
40, 10, 0
40, 11, 0
40, 12, 0
40, 13, 0
40, 14, 0
40, 15, 0
40, 16, 0
40, 17, 0
40, 18, 0
40, 19, 0
40, 20, 0
40, 21, 0
40, 22, 0
40, 23, 0
40, 24, 0
40, 25, 0
40, 26, 0
40, 27, 0
40, 28, 0
40, 29, 0
40, 30, 0
40, 31, 0
40, 32, 0
40, 33, 0
40, 34, 0
40, 35, 0
40, 36, 0
40, 37, 0
40, 38, 0
40, 39, 0
40, 40, 0
