1, 1, 0
1, 2, 0
1, 3, 0
1, 4, 0
1, 5, 0
1, 6, 0
1, 7, 0
1, 8, 0
1, 9, 0
1, 10, 0
1, 11, 0
1, 12, 0
1, 13, 0
1, 14, 0
1, 15, 0
1, 16, 0
1, 17, 0
1, 18, 0
1, 19, 0
1, 20, 0
1, 21, 0
1, 22, 0
1, 23, 0
1, 24, 0
1, 25, 0
1, 26, 0
1, 27, 0
1, 28, 0
1, 29, 0
1, 30, 0
1, 31, 0
1, 32, 0
1, 33, 0
1, 34, 0
1, 35, 0
1, 36, 0
1, 37, 0
1, 38, 0
1, 39, 0
1, 40, 0
2, 1, 0
2, 2, 0
2, 3, 0
2, 4, 0
2, 5, 0
2, 6, 0
2, 7, 0
2, 8, 0
2, 9, 0
2, 10, 0
2, 11, 0
2, 12, 0
2, 13, 0
2, 14, 0
2, 15, 0
2, 16, 0
2, 17, 0
2, 18, 0
2, 19, 0
2, 20, 0
2, 21, 0
2, 22, 0
2, 23, 0
2, 24, 0
2, 25, 0
2, 26, 0
2, 27, 0
2, 28, 0
2, 29, 0
2, 30, 0
2, 31, 0
2, 32, 0
2, 33, 0
2, 34, 0
2, 35, 0
2, 36, 0
2, 37, 0
2, 38, 0
2, 39, 0
2, 40, 0
3, 1, 0
3, 2, 0
3, 3, 0
3, 4, 0
3, 5, 0
3, 6, 0
3, 7, 0
3, 8, 0
3, 9, 0
3, 10, 0
3, 11, 0
3, 12, 0
3, 13, 0
3, 14, 0
3, 15, 0
3, 16, 0
3, 17, 0
3, 18, 0
3, 19, 0
3, 20, 0
3, 21, 0
3, 22, 0
3, 23, 0
3, 24, 0
3, 25, 0
3, 26, 0
3, 27, 0
3, 28, 0
3, 29, 0
3, 30, 0
3, 31, 0
3, 32, 0
3, 33, 0
3, 34, 0
3, 35, 0
3, 36, 0
3, 37, 0
3, 38, 0
3, 39, 0
3, 40, 0
4, 1, 0
4, 2, 0
4, 3, 0
4, 4, 0
4, 5, 0
4, 6, 0
4, 7, 0
4, 8, 0
4, 9, 0
4, 10, 0
4, 11, 0
4, 12, 0
4, 13, 0
4, 14, 0
4, 15, 0
4, 16, 0
4, 17, 0
4, 18, 0
4, 19, 0
4, 20, 0
4, 21, 0
4, 22, 0
4, 23, 0
4, 24, 0
4, 25, 0
4, 26, 0
4, 27, 0
4, 28, 0
4, 29, 0
4, 30, 0
4, 31, 0
4, 32, 0
4, 33, 0
4, 34, 0
4, 35, 0
4, 36, 0
4, 37, 0
4, 38, 0
4, 39, 0
4, 40, 0
5, 1, 0
5, 2, 0
5, 3, 0
5, 4, 0
5, 5, 0
5, 6, 0
5, 7, 0
5, 8, 0
5, 9, 0
5, 10, 0
5, 11, 0
5, 12, 0
5, 13, 0
5, 14, 0
5, 15, 0
5, 16, 0
5, 17, 0
5, 18, 0
5, 19, 0
5, 20, 0
5, 21, 0
5, 22, 0
5, 23, 0
5, 24, 0
5, 25, 0
5, 26, 0
5, 27, 0
5, 28, 0
5, 29, 0
5, 30, 0
5, 31, 0
5, 32, 0
5, 33, 0
5, 34, 0
5, 35, 0
5, 36, 0
5, 37, 0
5, 38, 0
5, 39, 0
5, 40, 0
6, 1, 0
6, 2, 0
6, 3, 0
6, 4, 0
6, 5, 0
6, 6, 0
6, 7, 0
6, 8, 0
6, 9, 0
6, 10, 0
6, 11, 0
6, 12, 0
6, 13, 0
6, 14, 0
6, 15, 0
6, 16, 0
6, 17, 0
6, 18, 0
6, 19, 0
6, 20, 0
6, 21, 0
6, 22, 0
6, 23, 0
6, 24, 0
6, 25, 0
6, 26, 0
6, 27, 0
6, 28, 0
6, 29, 0
6, 30, 0
6, 31, 0
6, 32, 0
6, 33, 0
6, 34, 0
6, 35, 0
6, 36, 0
6, 37, 0
6, 38, 0
6, 39, 0
6, 40, 0
7, 1, 0
7, 2, 0
7, 3, 0
7, 4, 0
7, 5, 0
7, 6, 0
7, 7, 0
7, 8, 0
7, 9, 0
7, 10, 0
7, 11, 0
7, 12, 0
7, 13, 0
7, 14, 0
7, 15, 0
7, 16, 0
7, 17, 0
7, 18, 0
7, 19, 0
7, 20, 0
7, 21, 0
7, 22, 0
7, 23, 0
7, 24, 0
7, 25, 0
7, 26, 0
7, 27, 0
7, 28, 0
7, 29, 0
7, 30, 0
7, 31, 0
7, 32, 0
7, 33, 0
7, 34, 0
7, 35, 0
7, 36, 0
7, 37, 0
7, 38, 0
7, 39, 0
7, 40, 0
8, 1, 0
8, 2, 0
8, 3, 0
8, 4, 0
8, 5, 0
8, 6, 0
8, 7, 0
8, 8, 0
8, 9, 0
8, 10, 0
8, 11, 0
8, 12, 0
8, 13, 0
8, 14, 0
8, 15, 0
8, 16, 0
8, 17, -1.79360008
8, 18, -1.79360008
8, 19, -1.79360008
8, 20, -1.79360008
8, 21, -1.79360008
8, 22, -1.79360008
8, 23, -1.7936000799999998
8, 24, -1.7936000799999998
8, 25, 0
8, 26, 0
8, 27, 0
8, 28, 0
8, 29, 0
8, 30, 0
8, 31, 0
8, 32, 0
8, 33, 0
8, 34, 0
8, 35, 0
8, 36, 0
8, 37, 0
8, 38, 0
8, 39, 0
8, 40, 0
9, 1, 0
9, 2, 0
9, 3, 0
9, 4, 0
9, 5, 0
9, 6, 0
9, 7, 0
9, 8, 0
9, 9, 0
9, 10, 0
9, 11, 0
9, 12, 0
9, 13, 0
9, 14, -1.7936000280810231
9, 15, -1.7935999599999999
9, 16, -1.7935999981386472
9, 17, -1.7936000785157429
9, 18, -1.79360008
9, 19, -1.79360008
9, 20, -1.79360008
9, 21, -1.79360008
9, 22, -1.79360008
9, 23, -1.79360008
9, 24, -1.793600078553718
9, 25, -1.7935999981873492
9, 26, -1.7935999600000003
9, 27, -1.7936000253921534
9, 28, 0
9, 29, 0
9, 30, 0
9, 31, 0
9, 32, 0
9, 33, 0
9, 34, 0
9, 35, 0
9, 36, 0
9, 37, 0
9, 38, 0
9, 39, 0
9, 40, 0
10, 1, 0
10, 2, 0
10, 3, 0
10, 4, 0
10, 5, 0
10, 6, 0
10, 7, 0
10, 8, 0
10, 9, 0
10, 10, 0
10, 11, 0
10, 12, 0
10, 13, -1.7936000577251796
10, 14, -1.7935999884974416
10, 15, -1.79359996
10, 16, -1.793599968483349
10, 17, -1.7936000544476602
10, 18, -1.79360008
10, 19, -1.79360008
10, 20, -1.79360008
10, 21, -1.79360008
10, 22, -1.79360008
10, 23, -1.79360008
10, 24, -1.7936000544866144
10, 25, -1.7935999685283133
10, 26, -1.79359996
10, 27, -1.793599988458528
10, 28, -1.7936000576984343
10, 29, 0
10, 30, 0
10, 31, 0
10, 32, 0
10, 33, 0
10, 34, 0
10, 35, 0
10, 36, 0
10, 37, 0
10, 38, 0
10, 39, 0
10, 40, 0
11, 1, 0
11, 2, 0
11, 3, 0
11, 4, 0
11, 5, 0
11, 6, 0
11, 7, 0
11, 8, 0
11, 9, 0
11, 10, 0
11, 11, 0
11, 12, -1.79360008
11, 13, -1.79360008
11, 14, -1.7936000338333609
11, 15, -1.7935999599999999
11, 16, -1.7935999599999999
11, 17, -1.7936000262361844
11, 18, -1.79360008
11, 19, -1.79360008
11, 20, -1.79360008
11, 21, -1.79360008
11, 22, -1.79360008
11, 23, -1.79360008
11, 24, -1.7936000262739737
11, 25, -1.7935999599999999
11, 26, -1.79359996
11, 27, -1.7936000338051743
11, 28, -1.79360008
11, 29, -1.79360008
11, 30, 0
11, 31, 0
11, 32, 0
11, 33, 0
11, 34, 0
11, 35, 0
11, 36, 0
11, 37, 0
11, 38, 0
11, 39, 0
11, 40, 0
12, 1, 0
12, 2, 0
12, 3, 0
12, 4, 0
12, 5, 0
12, 6, 0
12, 7, 0
12, 8, 0
12, 9, 0
12, 10, 0
12, 11, -1.79360008
12, 12, -1.79360008
12, 13, -1.79360008
12, 14, -1.79360008
12, 15, -1.7936000021721075
12, 16, -1.79359996
12, 17, -1.7935999926010597
12, 18, -1.7936000799999998
12, 19, -1.7936000799999998
12, 20, -1.79360008
12, 21, -1.79360008
12, 22, -1.79360008
12, 23, -1.79360008
12, 24, -1.7935999926348576
12, 25, -1.7935999600000003
12, 26, -1.793600002144379
12, 27, -1.7936000799999998
12, 28, -1.79360008
12, 29, -1.79360008
12, 30, -1.7936000799999996
12, 31, 0
12, 32, 0
12, 33, 0
12, 34, 0
12, 35, 0
12, 36, 0
12, 37, 0
12, 38, 0
12, 39, 0
12, 40, 0
13, 1, 0
13, 2, 0
13, 3, 0
13, 4, 0
13, 5, 0
13, 6, 0
13, 7, 0
13, 8, 0
13, 9, 0
13, 10, -1.7936000122715994
13, 11, -1.793600047085235
13, 12, -1.79360008
13, 13, -1.79360008
13, 14, -1.7936000799999996
13, 15, -1.7936000624329014
13, 16, -1.79359996
13, 17, -1.7935999600000003
13, 18, -1.7936000685949367
13, 19, -1.79360008
13, 20, -1.79360008
13, 21, -1.79360008
13, 22, -1.79360008
13, 23, -1.7936000686164035
13, 24, -1.7935999600000003
13, 25, -1.7935999599999999
13, 26, -1.793600062418275
13, 27, -1.79360008
13, 28, -1.79360008
13, 29, -1.79360008
13, 30, -1.7936000470579916
13, 31, -1.7936000034605728
13, 32, 0
13, 33, 0
13, 34, 0
13, 35, 0
13, 36, 0
13, 37, 0
13, 38, 0
13, 39, 0
13, 40, 0
14, 1, 0
14, 2, 0
14, 3, 0
14, 4, 0
14, 5, 0
14, 6, 0
14, 7, 0
14, 8, 0
14, 9, 0
14, 10, -1.7935999599999999
14, 11, -1.793599972482923
14, 12, -1.7936000196732245
14, 13, -1.7936000769088227
14, 14, -1.79360008
14, 15, -1.79360008
14, 16, -1.7936000253952122
14, 17, -1.79359996
14, 18, -1.7936000307028723
14, 19, -1.7936000800000003
14, 20, -1.7936000800000003
14, 21, -1.79360008
14, 22, -1.79360008
14, 23, -1.793600030718585
14, 24, -1.7935999600000003
14, 25, -1.7936000145846998
14, 26, -1.79360008
14, 27, -1.7936000799999996
14, 28, -1.7936000768930003
14, 29, -1.793600019644697
14, 30, -1.7935999724450518
14, 31, -1.7935999600000003
14, 32, 0
14, 33, 0
14, 34, 0
14, 35, 0
14, 36, 0
14, 37, 0
14, 38, 0
14, 39, 0
14, 40, 0
15, 1, 0
15, 2, 0
15, 3, 0
15, 4, 0
15, 5, 0
15, 6, 0
15, 7, 0
15, 8, 0
15, 9, -1.7935999736192865
15, 10, -1.79359996
15, 11, -1.79359996
15, 12, -1.7935999600000003
15, 13, -1.7935999828519409
15, 14, -1.7936000463068589
15, 15, -1.7936000363750995
15, 16, -1.7936000790141715
15, 17, -1.793600031056665
15, 18, -1.7936000687816394
15, 19, -1.79360008
15, 20, -1.7936000799999998
15, 21, -1.79360008
15, 22, -1.7936000470524833
15, 23, -1.7935999713702517
15, 24, -1.7936000131345828
15, 25, -1.7936000082393795
15, 26, -1.7936000800000003
15, 27, -1.7936000462916026
15, 28, -1.7935999828247058
15, 29, -1.79359996
15, 30, -1.7935999600000003
15, 31, -1.79359996
15, 32, -1.793599973665998
15, 33, 0
15, 34, 0
15, 35, 0
15, 36, 0
15, 37, 0
15, 38, 0
15, 39, 0
15, 40, 0
16, 1, 0
16, 2, 0
16, 3, 0
16, 4, 0
16, 5, 0
16, 6, 0
16, 7, 0
16, 8, 0
16, 9, -1.7936000495862097
16, 10, -1.7936000245655368
16, 11, -1.7935999954369408
16, 12, -1.793599960993963
16, 13, -1.7935999600000003
16, 14, -1.7935999600000003
16, 15, -1.7935999649959404
16, 16, -1.79360008
16, 17, -1.79360008
16, 18, -1.7936000103009664
16, 19, -1.7936000525804663
16, 20, -1.7936001015497358
16, 21, -1.7936001015657834
16, 22, -1.7936000525904667
16, 23, -1.7936000095054325
16, 24, -1.7936000722622478
16, 25, -1.7936000800000003
16, 26, -1.793600001023922
16, 27, -1.7935999600000003
16, 28, -1.7935999599999999
16, 29, -1.7935999610283784
16, 30, -1.7935999954757722
16, 31, -1.7936000246054582
16, 32, -1.7936000496254543
16, 33, 0
16, 34, 0
16, 35, 0
16, 36, 0
16, 37, 0
16, 38, 0
16, 39, 0
16, 40, 0
17, 1, 0
17, 2, 0
17, 3, 0
17, 4, 0
17, 5, 0
17, 6, 0
17, 7, 0
17, 8, 0
17, 9, -1.79360008
17, 10, -1.79360008
17, 11, -1.79360008
17, 12, -1.793600060174852
17, 13, -1.793600027778559
17, 14, -1.7935999878658158
17, 15, -1.7935999619645377
17, 16, -1.793600003592837
17, 17, -1.793600074971741
17, 18, -1.7936000047373744
17, 19, -1.7936000646686976
17, 20, -1.7936001596417637
17, 21, -1.7936001596296016
17, 22, -1.7936000646490529
17, 23, -1.7936000047327907
17, 24, -1.79360007495364
17, 25, -1.79360008
17, 26, -1.7935999737756676
17, 27, -1.7935999878873046
17, 28, -1.7936000278053492
17, 29, -1.7936000602023054
17, 30, -1.79360008
17, 31, -1.79360008
17, 32, -1.79360008
17, 33, 0
17, 34, 0
17, 35, 0
17, 36, 0
17, 37, 0
17, 38, 0
17, 39, 0
17, 40, 0
18, 1, 0
18, 2, 0
18, 3, 0
18, 4, 0
18, 5, 0
18, 6, 0
18, 7, 0
18, 8, -1.79360008
18, 9, -1.79360008
18, 10, -1.7936000800000003
18, 11, -1.79360008
18, 12, -1.79360008
18, 13, -1.79360008
18, 14, -1.79360008
18, 15, -1.793600043583195
18, 16, -1.7935999776841518
18, 17, -1.7935999867523245
18, 18, -1.7936000608725828
18, 19, -1.79360008
18, 20, -1.79360008
18, 21, -1.79360008
18, 22, -1.79360008
18, 23, -1.7936000608360858
18, 24, -1.7935999867531394
18, 25, -1.7936000300022439
18, 26, -1.79360008
18, 27, -1.79360008
18, 28, -1.79360008
18, 29, -1.79360008
18, 30, -1.79360008
18, 31, -1.79360008
18, 32, -1.79360008
18, 33, -1.79360008
18, 34, 0
18, 35, 0
18, 36, 0
18, 37, 0
18, 38, 0
18, 39, 0
18, 40, 0
19, 1, 0
19, 2, 0
19, 3, 0
19, 4, 0
19, 5, 0
19, 6, 0
19, 7, 0
19, 8, -1.79360008
19, 9, -1.79360008
19, 10, -1.79360008
19, 11, -1.79360008
19, 12, -1.79360008
19, 13, -1.79360008
19, 14, -1.79360008
19, 15, -1.79360008
19, 16, -1.79360008
19, 17, -1.7936001122679843
19, 18, -1.7936000883867496
19, 19, -1.79360008
19, 20, -1.79360008
19, 21, -1.79360008
19, 22, -1.79360008
19, 23, -1.79360008840169
19, 24, -1.793600112252268
19, 25, -1.79360008
19, 26, -1.79360008
19, 27, -1.79360008
19, 28, -1.79360008
19, 29, -1.79360008
19, 30, -1.79360008
19, 31, -1.7936000800000003
19, 32, -1.79360008
19, 33, -1.79360008
19, 34, 0
19, 35, 0
19, 36, 0
19, 37, 0
19, 38, 0
19, 39, 0
19, 40, 0
20, 1, 0
20, 2, 0
20, 3, 0
20, 4, 0
20, 5, 0
20, 6, 0
20, 7, 0
20, 8, -1.79360008
20, 9, -1.79360008
20, 10, -1.79360008
20, 11, -1.79360008
20, 12, -1.79360008
20, 13, -1.79360008
20, 14, -1.79360008
20, 15, -1.79360008
20, 16, -1.7936000800000003
20, 17, -1.7936001703583733
20, 18, -1.7936000971873554
20, 19, -1.79360008
20, 20, -1.79360008
20, 21, -1.79360008
20, 22, -1.79360008
20, 23, -1.7936000984499403
20, 24, -1.7936001700179762
20, 25, -1.79360008
20, 26, -1.79360008
20, 27, -1.79360008
20, 28, -1.79360008
20, 29, -1.79360008
20, 30, -1.79360008
20, 31, -1.79360008
20, 32, -1.79360008
20, 33, -1.79360008
20, 34, 0
20, 35, 0
20, 36, 0
20, 37, 0
20, 38, 0
20, 39, 0
20, 40, 0
21, 1, 0
21, 2, 0
21, 3, 0
21, 4, 0
21, 5, 0
21, 6, 0
21, 7, 0
21, 8, -1.79360008
21, 9, -1.79360008
21, 10, -1.79360008
21, 11, -1.79360008
21, 12, -1.79360008
21, 13, -1.79360008
21, 14, -1.79360008
21, 15, -1.79360008
21, 16, -1.79360008
21, 17, -1.7936001122679475
21, 18, -1.7936000883866807
21, 19, -1.79360008
21, 20, -1.79360008
21, 21, -1.79360008
21, 22, -1.79360008
21, 23, -1.793600088401845
21, 24, -1.7936001122529053
21, 25, -1.79360008
21, 26, -1.79360008
21, 27, -1.79360008
21, 28, -1.79360008
21, 29, -1.79360008
21, 30, -1.79360008
21, 31, -1.7936000800000003
21, 32, -1.79360008
21, 33, -1.79360008
21, 34, 0
21, 35, 0
21, 36, 0
21, 37, 0
21, 38, 0
21, 39, 0
21, 40, 0
22, 1, 0
22, 2, 0
22, 3, 0
22, 4, 0
22, 5, 0
22, 6, 0
22, 7, 0
22, 8, -1.79360008
22, 9, -1.79360008
22, 10, -1.79360008
22, 11, -1.79360008
22, 12, -1.79360008
22, 13, -1.79360008
22, 14, -1.79360008
22, 15, -1.79360008
22, 16, -1.7936000299774493
22, 17, -1.7935999867522
22, 18, -1.793600060872726
22, 19, -1.7936000800000003
22, 20, -1.7936000799999998
22, 21, -1.79360008
22, 22, -1.79360008
22, 23, -1.7936000608359843
22, 24, -1.7935999867531756
22, 25, -1.7935999776903344
22, 26, -1.7936000436175699
22, 27, -1.79360008
22, 28, -1.79360008
22, 29, -1.79360008
22, 30, -1.79360008
22, 31, -1.79360008
22, 32, -1.79360008
22, 33, -1.79360008
22, 34, 0
22, 35, 0
22, 36, 0
22, 37, 0
22, 38, 0
22, 39, 0
22, 40, 0
23, 1, 0
23, 2, 0
23, 3, 0
23, 4, 0
23, 5, 0
23, 6, 0
23, 7, 0
23, 8, 0
23, 9, -1.79360008
23, 10, -1.79360008
23, 11, -1.7936000800000003
23, 12, -1.7936000601736914
23, 13, -1.793600027777694
23, 14, -1.7935999878652722
23, 15, -1.7935999737645083
23, 16, -1.79360008
23, 17, -1.7936000749718402
23, 18, -1.7936000047373142
23, 19, -1.7936000646691517
23, 20, -1.7936001596413311
23, 21, -1.7936001596294453
23, 22, -1.7936000646488397
23, 23, -1.7936000047333207
23, 24, -1.7936000749525365
23, 25, -1.7936000035988133
23, 26, -1.7935999619638756
23, 27, -1.7935999878884439
23, 28, -1.7936000278064843
23, 29, -1.7936000602038575
23, 30, -1.7936000799999998
23, 31, -1.79360008
23, 32, -1.7936000800000003
23, 33, 0
23, 34, 0
23, 35, 0
23, 36, 0
23, 37, 0
23, 38, 0
23, 39, 0
23, 40, 0
24, 1, 0
24, 2, 0
24, 3, 0
24, 4, 0
24, 5, 0
24, 6, 0
24, 7, 0
24, 8, 0
24, 9, -1.7936000495852005
24, 10, -1.7936000245644577
24, 11, -1.7935999954357844
24, 12, -1.7935999609927757
24, 13, -1.7935999600000003
24, 14, -1.7935999599999999
24, 15, -1.7936000010336297
24, 16, -1.79360008
24, 17, -1.793600072258093
24, 18, -1.793600009536157
24, 19, -1.7936000525809983
24, 20, -1.7936001015499432
24, 21, -1.7936001015655938
24, 22, -1.7936000525900355
24, 23, -1.7936000102682783
24, 24, -1.79360008
24, 25, -1.79360008
24, 26, -1.7935999649845022
24, 27, -1.79359996
24, 28, -1.79359996
24, 29, -1.793599961030358
24, 30, -1.7935999954775785
24, 31, -1.7936000246075272
24, 32, -1.7936000496277296
24, 33, 0
24, 34, 0
24, 35, 0
24, 36, 0
24, 37, 0
24, 38, 0
24, 39, 0
24, 40, 0
25, 1, 0
25, 2, 0
25, 3, 0
25, 4, 0
25, 5, 0
25, 6, 0
25, 7, 0
25, 8, 0
25, 9, -1.793599973618557
25, 10, -1.79359996
25, 11, -1.7935999600000003
25, 12, -1.7935999600000003
25, 13, -1.79359998285244
25, 14, -1.7936000463075175
25, 15, -1.79360008
25, 16, -1.7936000082288004
25, 17, -1.7936000131310967
25, 18, -1.7935999713639603
25, 19, -1.7936000470282394
25, 20, -1.79360008
25, 21, -1.79360008
25, 22, -1.79360008
25, 23, -1.7936000687837466
25, 24, -1.7936000310876072
25, 25, -1.7936000790224016
25, 26, -1.7936000363605666
25, 27, -1.793600046290234
25, 28, -1.7935999828227256
25, 29, -1.79359996
25, 30, -1.7935999599999999
25, 31, -1.7935999600000003
25, 32, -1.7935999736682036
25, 33, 0
25, 34, 0
25, 35, 0
25, 36, 0
25, 37, 0
25, 38, 0
25, 39, 0
25, 40, 0
26, 1, 0
26, 2, 0
26, 3, 0
26, 4, 0
26, 5, 0
26, 6, 0
26, 7, 0
26, 8, 0
26, 9, 0
26, 10, -1.7935999600000003
26, 11, -1.7935999724834066
26, 12, -1.7936000196741642
26, 13, -1.7936000769094487
26, 14, -1.79360008
26, 15, -1.79360008
26, 16, -1.7936000146274038
26, 17, -1.7935999600000003
26, 18, -1.7936000307036877
26, 19, -1.79360008
26, 20, -1.79360008
26, 21, -1.7936000800000003
26, 22, -1.79360008
26, 23, -1.7936000307177555
26, 24, -1.79359996
26, 25, -1.7936000253850843
26, 26, -1.79360008
26, 27, -1.79360008
26, 28, -1.7936000768917606
26, 29, -1.7936000196434314
26, 30, -1.7935999724432563
26, 31, -1.79359996
26, 32, 0
26, 33, 0
26, 34, 0
26, 35, 0
26, 36, 0
26, 37, 0
26, 38, 0
26, 39, 0
26, 40, 0
27, 1, 0
27, 2, 0
27, 3, 0
27, 4, 0
27, 5, 0
27, 6, 0
27, 7, 0
27, 8, 0
27, 9, 0
27, 10, -1.793600003499285
27, 11, -1.793600047086294
27, 12, -1.79360008
27, 13, -1.79360008
27, 14, -1.7936000800000003
27, 15, -1.7936000624317174
27, 16, -1.79359996
27, 17, -1.79359996
27, 18, -1.793600068595793
27, 19, -1.79360008
27, 20, -1.79360008
27, 21, -1.79360008
27, 22, -1.79360008
27, 23, -1.7936000686155775
27, 24, -1.79359996
27, 25, -1.79359996
27, 26, -1.7936000624192519
27, 27, -1.79360008
27, 28, -1.79360008
27, 29, -1.7936000800000005
27, 30, -1.7936000470561466
27, 31, -1.793600010381632
27, 32, 0
27, 33, 0
27, 34, 0
27, 35, 0
27, 36, 0
27, 37, 0
27, 38, 0
27, 39, 0
27, 40, 0
28, 1, 0
28, 2, 0
28, 3, 0
28, 4, 0
28, 5, 0
28, 6, 0
28, 7, 0
28, 8, 0
28, 9, 0
28, 10, 0
28, 11, -1.79360008
28, 12, -1.79360008
28, 13, -1.79360008
28, 14, -1.79360008
28, 15, -1.7936000021715115
28, 16, -1.7935999599999999
28, 17, -1.7935999926019532
28, 18, -1.79360008
28, 19, -1.79360008
28, 20, -1.79360008
28, 21, -1.79360008
28, 22, -1.79360008
28, 23, -1.79360008
28, 24, -1.7935999926339246
28, 25, -1.7935999600000003
28, 26, -1.7936000021453324
28, 27, -1.79360008
28, 28, -1.79360008
28, 29, -1.7936000800000003
28, 30, -1.79360008
28, 31, 0
28, 32, 0
28, 33, 0
28, 34, 0
28, 35, 0
28, 36, 0
28, 37, 0
28, 38, 0
28, 39, 0
28, 40, 0
29, 1, 0
29, 2, 0
29, 3, 0
29, 4, 0
29, 5, 0
29, 6, 0
29, 7, 0
29, 8, 0
29, 9, 0
29, 10, 0
29, 11, 0
29, 12, -1.79360008
29, 13, -1.79360008
29, 14, -1.7936000338325586
29, 15, -1.79359996
29, 16, -1.79359996
29, 17, -1.7936000262370615
29, 18, -1.79360008
29, 19, -1.79360008
29, 20, -1.79360008
29, 21, -1.79360008
29, 22, -1.79360008
29, 23, -1.79360008
29, 24, -1.7936000262730885
29, 25, -1.7935999600000005
29, 26, -1.79359996
29, 27, -1.793600033806138
29, 28, -1.79360008
29, 29, -1.79360008
29, 30, 0
29, 31, 0
29, 32, 0
29, 33, 0
29, 34, 0
29, 35, 0
29, 36, 0
29, 37, 0
29, 38, 0
29, 39, 0
29, 40, 0
30, 1, 0
30, 2, 0
30, 3, 0
30, 4, 0
30, 5, 0
30, 6, 0
30, 7, 0
30, 8, 0
30, 9, 0
30, 10, 0
30, 11, 0
30, 12, 0
30, 13, -1.7936000577242996
30, 14, -1.793599988496705
30, 15, -1.7935999600000003
30, 16, -1.793599968484138
30, 17, -1.7936000544484814
30, 18, -1.79360008
30, 19, -1.7936000800000003
30, 20, -1.79360008
30, 21, -1.79360008
30, 22, -1.79360008
30, 23, -1.79360008
30, 24, -1.7936000544856705
30, 25, -1.7935999685273611
30, 26, -1.7935999600000003
30, 27, -1.793599988459411
30, 28, -1.793600057699588
30, 29, 0
30, 30, 0
30, 31, 0
30, 32, 0
30, 33, 0
30, 34, 0
30, 35, 0
30, 36, 0
30, 37, 0
30, 38, 0
30, 39, 0
30, 40, 0
31, 1, 0
31, 2, 0
31, 3, 0
31, 4, 0
31, 5, 0
31, 6, 0
31, 7, 0
31, 8, 0
31, 9, 0
31, 10, 0
31, 11, 0
31, 12, 0
31, 13, 0
31, 14, -1.7936000280738875
31, 15, -1.7935999599999999
31, 16, -1.7935999981394348
31, 17, -1.79360007851651
31, 18, -1.79360008
31, 19, -1.79360008
31, 20, -1.7936000799999998
31, 21, -1.79360008
31, 22, -1.79360008
31, 23, -1.7936000799999998
31, 24, -1.7936000785528334
31, 25, -1.7935999981862611
31, 26, -1.7935999599999999
31, 27, -1.7936000253812923
31, 28, 0
31, 29, 0
31, 30, 0
31, 31, 0
31, 32, 0
31, 33, 0
31, 34, 0
31, 35, 0
31, 36, 0
31, 37, 0
31, 38, 0
31, 39, 0
31, 40, 0
32, 1, 0
32, 2, 0
32, 3, 0
32, 4, 0
32, 5, 0
32, 6, 0
32, 7, 0
32, 8, 0
32, 9, 0
32, 10, 0
32, 11, 0
32, 12, 0
32, 13, 0
32, 14, 0
32, 15, 0
32, 16, 0
32, 17, -1.79360008
32, 18, -1.79360008
32, 19, -1.79360008
32, 20, -1.7936000799999998
32, 21, -1.79360008
32, 22, -1.79360008
32, 23, -1.79360008
32, 24, -1.79360008
32, 25, 0
32, 26, 0
32, 27, 0
32, 28, 0
32, 29, 0
32, 30, 0
32, 31, 0
32, 32, 0
32, 33, 0
32, 34, 0
32, 35, 0
32, 36, 0
32, 37, 0
32, 38, 0
32, 39, 0
32, 40, 0
33, 1, 0
33, 2, 0
33, 3, 0
33, 4, 0
33, 5, 0
33, 6, 0
33, 7, 0
33, 8, 0
33, 9, 0
33, 10, 0
33, 11, 0
33, 12, 0
33, 13, 0
33, 14, 0
33, 15, 0
33, 16, 0
33, 17, 0
33, 18, 0
33, 19, 0
33, 20, 0
33, 21, 0
33, 22, 0
33, 23, 0
33, 24, 0
33, 25, 0
33, 26, 0
33, 27, 0
33, 28, 0
33, 29, 0
33, 30, 0
33, 31, 0
33, 32, 0
33, 33, 0
33, 34, 0
33, 35, 0
33, 36, 0
33, 37, 0
33, 38, 0
33, 39, 0
33, 40, 0
34, 1, 0
34, 2, 0
34, 3, 0
34, 4, 0
34, 5, 0
34, 6, 0
34, 7, 0
34, 8, 0
34, 9, 0
34, 10, 0
34, 11, 0
34, 12, 0
34, 13, 0
34, 14, 0
34, 15, 0
34, 16, 0
34, 17, 0
34, 18, 0
34, 19, 0
34, 20, 0
34, 21, 0
34, 22, 0
34, 23, 0
34, 24, 0
34, 25, 0
34, 26, 0
34, 27, 0
34, 28, 0
34, 29, 0
34, 30, 0
34, 31, 0
34, 32, 0
34, 33, 0
34, 34, 0
34, 35, 0
34, 36, 0
34, 37, 0
34, 38, 0
34, 39, 0
34, 40, 0
35, 1, 0
35, 2, 0
35, 3, 0
35, 4, 0
35, 5, 0
35, 6, 0
35, 7, 0
35, 8, 0
35, 9, 0
35, 10, 0
35, 11, 0
35, 12, 0
35, 13, 0
35, 14, 0
35, 15, 0
35, 16, 0
35, 17, 0
35, 18, 0
35, 19, 0
35, 20, 0
35, 21, 0
35, 22, 0
35, 23, 0
35, 24, 0
35, 25, 0
35, 26, 0
35, 27, 0
35, 28, 0
35, 29, 0
35, 30, 0
35, 31, 0
35, 32, 0
35, 33, 0
35, 34, 0
35, 35, 0
35, 36, 0
35, 37, 0
35, 38, 0
35, 39, 0
35, 40, 0
36, 1, 0
36, 2, 0
36, 3, 0
36, 4, 0
36, 5, 0
36, 6, 0
36, 7, 0
36, 8, 0
36, 9, 0
36, 10, 0
36, 11, 0
36, 12, 0
36, 13, 0
36, 14, 0
36, 15, 0
36, 16, 0
36, 17, 0
36, 18, 0
36, 19, 0
36, 20, 0
36, 21, 0
36, 22, 0
36, 23, 0
36, 24, 0
36, 25, 0
36, 26, 0
36, 27, 0
36, 28, 0
36, 29, 0
36, 30, 0
36, 31, 0
36, 32, 0
36, 33, 0
36, 34, 0
36, 35, 0
36, 36, 0
36, 37, 0
36, 38, 0
36, 39, 0
36, 40, 0
37, 1, 0
37, 2, 0
37, 3, 0
37, 4, 0
37, 5, 0
37, 6, 0
37, 7, 0
37, 8, 0
37, 9, 0
37, 10, 0
37, 11, 0
37, 12, 0
37, 13, 0
37, 14, 0
37, 15, 0
37, 16, 0
37, 17, 0
37, 18, 0
37, 19, 0
37, 20, 0
37, 21, 0
37, 22, 0
37, 23, 0
37, 24, 0
37, 25, 0
37, 26, 0
37, 27, 0
37, 28, 0
37, 29, 0
37, 30, 0
37, 31, 0
37, 32, 0
37, 33, 0
37, 34, 0
37, 35, 0
37, 36, 0
37, 37, 0
37, 38, 0
37, 39, 0
37, 40, 0
38, 1, 0
38, 2, 0
38, 3, 0
38, 4, 0
38, 5, 0
38, 6, 0
38, 7, 0
38, 8, 0
38, 9, 0
38, 10, 0
38, 11, 0
38, 12, 0
38, 13, 0
38, 14, 0
38, 15, 0
38, 16, 0
38, 17, 0
38, 18, 0
38, 19, 0
38, 20, 0
38, 21, 0
38, 22, 0
38, 23, 0
38, 24, 0
38, 25, 0
38, 26, 0
38, 27, 0
38, 28, 0
38, 29, 0
38, 30, 0
38, 31, 0
38, 32, 0
38, 33, 0
38, 34, 0
38, 35, 0
38, 36, 0
38, 37, 0
38, 38, 0
38, 39, 0
38, 40, 0
39, 1, 0
39, 2, 0
39, 3, 0
39, 4, 0
39, 5, 0
39, 6, 0
39, 7, 0
39, 8, 0
39, 9, 0
39, 10, 0
39, 11, 0
39, 12, 0
39, 13, 0
39, 14, 0
39, 15, 0
39, 16, 0
39, 17, 0
39, 18, 0
39, 19, 0
39, 20, 0
39, 21, 0
39, 22, 0
39, 23, 0
39, 24, 0
39, 25, 0
39, 26, 0
39, 27, 0
39, 28, 0
39, 29, 0
39, 30, 0
39, 31, 0
39, 32, 0
39, 33, 0
39, 34, 0
39, 35, 0
39, 36, 0
39, 37, 0
39, 38, 0
39, 39, 0
39, 40, 0
40, 1, 0
40, 2, 0
40, 3, 0
40, 4, 0
40, 5, 0
40, 6, 0
40, 7, 0
40, 8, 0
40, 9, 0
40, 10, 0
40, 11, 0
40, 12, 0
40, 13, 0
40, 14, 0
40, 15, 0
40, 16, 0
40, 17, 0
40, 18, 0
40, 19, 0
40, 20, 0
40, 21, 0
40, 22, 0
40, 23, 0
40, 24, 0
40, 25, 0
40, 26, 0
40, 27, 0
40, 28, 0
40, 29, 0
40, 30, 0
40, 31, 0
40, 32, 0
40, 33, 0
40, 34, 0
40, 35, 0
40, 36, 0
40, 37, 0
40, 38, 0
40, 39, 0
40, 40, 0
